timestamp,x,y,l_x,l_y,r_x,r_y,pupil_l,pupil_r,event_type,fixation_x,fixation_y,event_duration,fixation_id,merged,event_id,aoi_type,aoi,aoi_id
0.0,1256.726379394531,686.4509296417236,0.48475381731987,0.4992298185825348,0.4909087419509887,0.4767020344734192,2.91558837890625,2.7944793701171875,Fixation,1253.649595393691,702.0127490509389,168.0,1.0,True,1,image,,9.0
4.0,1259.463424682617,693.5195589065551,0.4868707060813904,0.4985796809196472,0.4919779002666473,0.4816108047962188,2.9176177978515625,2.8027801513671875,Fixation,1253.649595393691,702.0127490509389,168.0,1.0,True,1,image,,9.0
8.0,1260.973205566406,699.3025732040404,0.4837382435798645,0.4920617043972015,0.4925676584243774,0.4856267869472503,2.902572631835937,2.814178466796875,Fixation,1253.649595393691,702.0127490509389,168.0,1.0,True,1,image,,9.0
12.0,1261.1687469482422,698.0528354644775,0.481028288602829,0.4943556785583496,0.4926440417766571,0.4847589135169983,2.8967742919921875,2.8043212890625,Fixation,1253.649595393691,702.0127490509389,168.0,1.0,True,1,image,,9.0
16.0,1257.1125793457031,694.7686958312988,0.4812057614326477,0.4973068535327911,0.4910596013069153,0.4824782609939575,2.901123046875,2.80413818359375,Fixation,1253.649595393691,702.0127490509389,168.0,1.0,True,1,image,,9.0
20.0,1254.149703979492,704.8536300659179,0.486768364906311,0.498230516910553,0.4899022281169891,0.4894816875457763,2.9272918701171875,2.8191070556640625,Fixation,1253.649595393691,702.0127490509389,168.0,1.0,True,1,image,,9.0
24.0,1254.8159790039062,706.9221067428589,0.4895825684070587,0.4948715269565582,0.4901624917984009,0.4909181296825409,2.895370483398437,2.802474975585937,Fixation,1253.649595393691,702.0127490509389,168.0,1.0,True,1,image,,9.0
28.0,1268.6103057861326,704.5485877990722,0.4846245944499969,0.4990584254264831,0.4955509006977081,0.4892698526382446,2.9133453369140625,2.7973175048828125,Fixation,1253.649595393691,702.0127490509389,168.0,1.0,True,1,image,,9.0
32.0,1266.023254394531,700.4490995407103,0.4857355058193207,0.5117045640945435,0.4945403337478637,0.48642298579216,2.9320220947265625,2.805633544921875,Fixation,1253.649595393691,702.0127490509389,168.0,1.0,True,1,image,,9.0
36.0,1242.2311401367185,707.209596633911,0.4844427108764648,0.5022414922714233,0.4852465391159057,0.491117775440216,2.92706298828125,2.8081512451171875,Fixation,1253.649595393691,702.0127490509389,168.0,1.0,True,1,image,,9.0
40.0,1255.8116149902344,703.1495046615601,0.4846058487892151,0.5065689086914062,0.4905514121055603,0.4882982671260834,2.906005859375,2.7953338623046875,Fixation,1253.649595393691,702.0127490509389,168.0,1.0,True,1,image,,9.0
44.0,1257.792282104492,703.8136625289916,0.4845018684864044,0.5072498917579651,0.4913251101970672,0.4887594878673553,2.9130859375,2.8015594482421875,Fixation,1253.649595393691,702.0127490509389,168.0,1.0,True,1,image,,9.0
48.0,1265.6571197509766,696.8254995346069,0.4841115474700928,0.5121107697486877,0.4943973124027252,0.4839065968990326,2.9217529296875,2.791854858398437,Fixation,1253.649595393691,702.0127490509389,168.0,1.0,True,1,image,,9.0
52.0,1262.0204925537107,703.9265298843384,0.4875932335853576,0.5016475319862366,0.4929767549037933,0.488837867975235,2.896820068359375,2.7935028076171875,Fixation,1253.649595393691,702.0127490509389,168.0,1.0,True,1,image,,9.0
56.0,1254.8899078369138,694.4012546539307,0.4830822050571441,0.5013208985328674,0.4901913702487945,0.4822230935096741,2.9091033935546875,2.79058837890625,Fixation,1253.649595393691,702.0127490509389,168.0,1.0,True,1,image,,9.0
60.0,1259.0731048583984,699.373469352722,0.4857022762298584,0.500839352607727,0.4918254315853119,0.4856760203838348,2.8991851806640625,2.800994873046875,Fixation,1253.649595393691,702.0127490509389,168.0,1.0,True,1,image,,9.0
64.0,1256.1984252929688,704.1060018539429,0.4847205281257629,0.5055593848228455,0.4907025098800659,0.4889625012874603,2.907012939453125,2.792510986328125,Fixation,1253.649595393691,702.0127490509389,168.0,1.0,True,1,image,,9.0
68.0,1268.989562988281,716.5527391433716,0.4853585064411163,0.4993700683116913,0.4956990480422973,0.4976060688495636,2.898651123046875,2.816024780273437,Fixation,1253.649595393691,702.0127490509389,168.0,1.0,True,1,image,,9.0
72.0,1254.673080444336,721.1434364318848,0.486143410205841,0.5065709948539734,0.4901066720485687,0.5007940530776978,2.91259765625,2.81085205078125,Fixation,1253.649595393691,702.0127490509389,168.0,1.0,True,1,image,,9.0
76.0,1254.431228637695,712.0582151412963,0.4837146401405334,0.5062891840934753,0.4900121986865997,0.4944848716259002,2.905548095703125,2.798248291015625,Fixation,1253.649595393691,702.0127490509389,168.0,1.0,True,1,image,,9.0
80.0,1255.442123413086,698.6444664001464,0.4896421134471893,0.4991709291934967,0.4904070794582367,0.485169768333435,2.8846588134765625,2.783233642578125,Fixation,1253.649595393691,702.0127490509389,168.0,1.0,True,1,image,,9.0
84.0,1260.7831573486328,683.6485576629639,0.483032763004303,0.5037598013877869,0.4924934208393097,0.4747559428215027,2.907943725585937,2.771591186523437,Fixation,1253.649595393691,702.0127490509389,168.0,1.0,True,1,image,,9.0
88.0,1247.3793029785154,714.8858642578125,0.4858931303024292,0.5066266059875488,0.4872575402259826,0.4964485168457031,2.8994293212890625,2.8075408935546875,Fixation,1253.649595393691,702.0127490509389,168.0,1.0,True,1,image,,9.0
92.0,1246.926498413086,695.9062528610228,0.4868346452713012,0.5010253190994263,0.4870806634426117,0.4832682311534881,2.8892059326171875,2.783599853515625,Fixation,1253.649595393691,702.0127490509389,168.0,1.0,True,1,image,,9.0
96.0,1247.1240997314453,693.743405342102,0.4824635982513428,0.5021001100540161,0.4871578514575958,0.4817662537097931,2.8965606689453125,2.77032470703125,Fixation,1253.649595393691,702.0127490509389,168.0,1.0,True,1,image,,9.0
100.0,1254.173355102539,714.1284084320068,0.4836150407791137,0.5064865350723267,0.4899114668369293,0.4959225058555603,2.8971405029296875,2.78961181640625,Fixation,1253.649595393691,702.0127490509389,168.0,1.0,True,1,image,,9.0
104.0,1245.774917602539,686.2856197357178,0.4843240678310394,0.5035310387611389,0.4866308271884918,0.4765872359275818,2.88433837890625,2.7694091796875,Fixation,1253.649595393691,702.0127490509389,168.0,1.0,True,1,image,,9.0
108.0,1245.3923797607422,682.1449756622314,0.4871614277362823,0.5038264393806458,0.4864813983440399,0.4737117886543274,2.8976287841796875,2.7541046142578125,Fixation,1253.649595393691,702.0127490509389,168.0,1.0,True,1,image,,9.0
112.0,1235.8041381835938,704.8728561401366,0.4880194664001465,0.4994784891605377,0.4827359914779663,0.489495038986206,2.896728515625,2.786224365234375,Fixation,1253.649595393691,702.0127490509389,168.0,1.0,True,1,image,,9.0
116.0,1245.8338928222656,699.1796636581421,0.4866465330123901,0.5002536773681641,0.4866538643836975,0.485541433095932,2.8935089111328125,2.767547607421875,Fixation,1253.649595393691,702.0127490509389,168.0,1.0,True,1,image,,9.0
120.0,1261.5464782714844,695.6934356689453,0.4839082062244415,0.5085100531578064,0.4927915930747986,0.4831204414367676,2.890380859375,2.740936279296875,Fixation,1253.649595393691,702.0127490509389,168.0,1.0,True,1,image,,9.0
124.0,1250.2847290039062,687.2484254837035,0.4858438372611999,0.4982793033123016,0.4883924722671509,0.4772558510303497,2.8864898681640625,2.7560577392578125,Fixation,1253.649595393691,702.0127490509389,168.0,1.0,True,1,image,,9.0
128.0,1246.1334228515625,705.0888919830322,0.4847558438777923,0.4993560910224914,0.4867708683013916,0.4896450638771057,2.88690185546875,2.765716552734375,Fixation,1253.649595393691,702.0127490509389,168.0,1.0,True,1,image,,9.0
132.0,1251.3262939453125,702.3235130310059,0.4812735617160797,0.4971931874752044,0.4887993335723877,0.4877246618270874,2.858016967773437,2.76690673828125,Fixation,1253.649595393691,702.0127490509389,168.0,1.0,True,1,image,,9.0
136.0,1252.42431640625,702.3345851898193,0.4859030544757843,0.5046457052230835,0.4892282485961914,0.4877323508262634,2.881866455078125,2.7795562744140625,Fixation,1253.649595393691,702.0127490509389,168.0,1.0,True,1,image,,9.0
140.0,1254.198532104492,696.0334968566895,0.4820179939270019,0.5020509958267212,0.4899213016033172,0.4833565950393677,2.8857574462890625,2.748397827148437,Fixation,1253.649595393691,702.0127490509389,168.0,1.0,True,1,image,,9.0
144.0,1253.3642578125,697.2521638870238,0.4852926731109619,0.4979285001754761,0.4895954132080078,0.484202891588211,2.875701904296875,2.7659912109375,Fixation,1253.649595393691,702.0127490509389,168.0,1.0,True,1,image,,9.0
148.0,1263.9000701904297,702.1616363525391,0.4816969037055969,0.4933896958827972,0.4937109649181366,0.487612247467041,2.8636627197265625,2.7557525634765625,Fixation,1253.649595393691,702.0127490509389,168.0,1.0,True,1,image,,9.0
152.0,1261.751480102539,708.125410079956,0.4872476160526275,0.4933383464813232,0.4928716719150543,0.4917537569999695,2.8699188232421875,2.75457763671875,Fixation,1253.649595393691,702.0127490509389,168.0,1.0,True,1,image,,9.0
156.0,1251.866226196289,719.8253774642943,0.4874689877033233,0.4988793432712555,0.4890102446079254,0.4998787343502044,2.8653717041015625,2.7693023681640625,Fixation,1253.649595393691,702.0127490509389,168.0,1.0,True,1,image,,9.0
160.0,1254.5120239257812,701.9618654251099,0.4833101034164428,0.4992030262947082,0.4900437593460083,0.4874735176563263,2.8706512451171875,2.7569122314453125,Fixation,1253.649595393691,702.0127490509389,168.0,1.0,True,1,image,,9.0
164.0,1241.283721923828,697.2213077545166,0.4772719144821167,0.5053576827049255,0.4848764538764953,0.4841814637184143,2.8738250732421875,2.7496490478515625,Fixation,1253.649595393691,702.0127490509389,168.0,1.0,True,1,image,,9.0
168.0,1208.8956451416016,746.4101028442383,0.4620611667633056,0.5090332627296448,0.4722248613834381,0.5183403491973877,2.847930908203125,2.7858428955078125,Fixation,1253.649595393691,702.0127490509389,168.0,1.0,True,1,image,,9.0
172.0,1156.1953735351562,772.5732707977295,0.4438466131687164,0.5366634726524353,0.4516388177871704,0.5365092158317566,2.8876495361328125,2.7739410400390625,Saccade,,,,0.0,False,2,,,
176.0,1107.2270965576172,797.3725032806396,0.42737877368927,0.5555168390274048,0.4325105845928192,0.5537309050559998,2.859359741210937,2.770416259765625,Saccade,,,,0.0,False,2,,,
180.0,1052.3016357421875,839.2802810668945,0.4121356606483459,0.5802286863327026,0.411055326461792,0.5828335285186768,2.8584136962890625,2.78741455078125,Saccade,,,,0.0,False,2,,,
184.0,1003.7508392333983,842.7797698974609,0.400818258523941,0.5888829827308655,0.3920901715755462,0.585263729095459,2.8618621826171875,2.789703369140625,Saccade,,,,0.0,False,2,,,
188.0,986.2496948242186,870.3136539459229,0.3826687335968017,0.6060435175895691,0.3852537870407104,0.6043844819068909,2.86480712890625,2.7857818603515625,Saccade,,,,0.0,False,2,,,
192.0,955.89599609375,899.0415287017822,0.3788522779941559,0.6203047633171082,0.3733968734741211,0.6243343949317932,2.844879150390625,2.762313842773437,Fixation,941.4990295410156,961.2978847503662,96.0,2.0,True,3,image,,9.0
196.0,955.3308105468749,939.4198036193848,0.3733635246753692,0.6413877606391907,0.373176097869873,0.6523748636245728,2.8448944091796875,2.768890380859375,Fixation,941.4990295410156,961.2978847503662,96.0,2.0,True,3,image,,9.0
200.0,925.3176879882811,944.791259765625,0.3678471446037292,0.6619722247123718,0.3614522218704223,0.6561050415039062,2.8298492431640625,2.764068603515625,Fixation,941.4990295410156,961.2978847503662,96.0,2.0,True,3,image,,9.0
204.0,943.2017517089844,974.11376953125,0.3691672086715698,0.6801420450210571,0.368438184261322,0.6764678955078125,2.854110717773437,2.7761383056640625,Fixation,941.4990295410156,961.2978847503662,96.0,2.0,True,3,image,,9.0
208.0,941.547393798828,969.0954208374023,0.3733953833580017,0.6748404502868652,0.3677919507026672,0.672982931137085,2.833709716796875,2.751220703125,Fixation,941.4990295410156,961.2978847503662,96.0,2.0,True,3,image,,9.0
212.0,943.7895202636719,963.3302593231201,0.3745977878570556,0.6691614985466003,0.3686677813529968,0.6689793467521667,2.8515167236328125,2.7432861328125,Fixation,941.4990295410156,961.2978847503662,96.0,2.0,True,3,image,,9.0
216.0,946.68701171875,974.3680000305176,0.3725283145904541,0.6612192988395691,0.3697996139526367,0.6766444444656372,2.841583251953125,2.8030242919921875,Fixation,941.4990295410156,961.2978847503662,96.0,2.0,True,3,image,,9.0
220.0,953.9881896972656,960.845890045166,0.371658593416214,0.6567046642303467,0.3726516366004944,0.6672540903091431,2.83184814453125,2.780364990234375,Fixation,941.4990295410156,961.2978847503662,96.0,2.0,True,3,image,,9.0
224.0,946.5064239501952,955.5013847351074,0.3706243634223938,0.6617973446846008,0.369729071855545,0.663542628288269,2.852142333984375,2.751953125,Fixation,941.4990295410156,961.2978847503662,96.0,2.0,True,3,image,,9.0
228.0,942.372589111328,951.7483520507812,0.3710983991622925,0.6622632741928101,0.3681142926216125,0.6609363555908203,2.840927124023437,2.746612548828125,Fixation,941.4990295410156,961.2978847503662,96.0,2.0,True,3,image,,9.0
232.0,938.6114501953124,956.8439483642578,0.3716876208782196,0.6619679927825928,0.3666450977325439,0.6644749641418457,2.800994873046875,2.7373199462890625,Fixation,941.4990295410156,961.2978847503662,96.0,2.0,True,3,image,,9.0
236.0,945.859146118164,962.7605152130127,0.3676799833774566,0.6620050668716431,0.3694762289524078,0.6685836911201477,2.8238983154296875,2.745086669921875,Fixation,941.4990295410156,961.2978847503662,96.0,2.0,True,3,image,,9.0
240.0,951.0626983642578,958.7020969390869,0.3723616003990173,0.6680043935775757,0.3715088665485382,0.6657653450965881,2.8590545654296875,2.761962890625,Fixation,941.4990295410156,961.2978847503662,96.0,2.0,True,3,image,,9.0
244.0,945.1155853271483,963.2083797454834,0.3765518963336944,0.661771297454834,0.3691857755184173,0.6688947081565857,2.820343017578125,2.756072998046875,Fixation,941.4990295410156,961.2978847503662,96.0,2.0,True,3,image,,9.0
248.0,935.9743499755858,956.594181060791,0.3707862496376037,0.6642000079154968,0.3656149804592132,0.6643015146255493,2.826507568359375,2.745849609375,Fixation,941.4990295410156,961.2978847503662,96.0,2.0,True,3,image,,9.0
252.0,941.7061614990233,967.970781326294,0.3690644204616546,0.6591225862503052,0.367853969335556,0.672201931476593,2.813720703125,2.76739501953125,Fixation,941.4990295410156,961.2978847503662,96.0,2.0,True,3,image,,9.0
256.0,941.1854553222656,955.6514167785645,0.3706549704074859,0.6767580509185791,0.36765056848526,0.6636468172073364,2.8395233154296875,2.744110107421875,Fixation,941.4990295410156,961.2978847503662,96.0,2.0,True,3,image,,9.0
260.0,943.1635284423828,964.5881938934326,0.3734156489372253,0.6599592566490173,0.3684232532978058,0.6698529124259949,2.812896728515625,2.7503814697265625,Fixation,941.4990295410156,961.2978847503662,96.0,2.0,True,3,image,,9.0
264.0,935.4238128662108,969.2351531982422,0.3737151026725769,0.6606292128562927,0.3653999269008636,0.6730799674987793,2.8067626953125,2.751312255859375,Fixation,941.4990295410156,961.2978847503662,96.0,2.0,True,3,image,,9.0
268.0,943.5044860839844,973.1976985931396,0.3699759542942047,0.6722174286842346,0.3685564398765564,0.6758317351341248,2.815093994140625,2.7378387451171875,Fixation,941.4990295410156,961.2978847503662,96.0,2.0,True,3,image,,9.0
272.0,925.8079528808594,984.8376274108887,0.3746641278266907,0.6634461879730225,0.3616437315940857,0.6839150190353394,2.8014678955078125,2.760589599609375,Fixation,941.4990295410156,961.2978847503662,96.0,2.0,True,3,image,,9.0
276.0,931.8897247314453,974.2046642303467,0.3727588057518005,0.6671032905578613,0.3640194237232208,0.6765310168266296,2.8227691650390625,2.741195678710937,Fixation,941.4990295410156,961.2978847503662,96.0,2.0,True,3,image,,9.0
280.0,932.9730224609375,974.629955291748,0.371326208114624,0.6588318943977356,0.3644425868988037,0.6768263578414917,2.792694091796875,2.735809326171875,Fixation,941.4990295410156,961.2978847503662,96.0,2.0,True,3,image,,9.0
284.0,938.6736297607422,976.7994976043701,0.37652587890625,0.6626330018043518,0.3666693866252899,0.6783329844474792,2.809600830078125,2.7284393310546875,Fixation,941.4990295410156,961.2978847503662,96.0,2.0,True,3,image,,9.0
288.0,931.8873596191406,960.9673404693604,0.37380450963974,0.659721851348877,0.3640184998512268,0.6673384308815002,2.806365966796875,2.7247772216796875,Fixation,941.4990295410156,961.2978847503662,96.0,2.0,True,3,image,,9.0
292.0,910.653839111328,991.3793849945068,0.3687401711940765,0.6712080240249634,0.3557241559028625,0.6884579062461853,2.8130035400390625,2.741928100585937,Saccade,,,,0.0,False,4,,,
296.0,887.8079223632811,1008.9690113067627,0.3564002215862274,0.6990032196044922,0.3467999696731567,0.7006729245185852,2.808334350585937,2.731414794921875,Saccade,,,,0.0,False,4,,,
300.0,857.1837615966797,1058.0358409881592,0.3511107563972473,0.7189465761184692,0.334837406873703,0.7347471117973328,2.8101348876953125,2.72882080078125,Saccade,,,,0.0,False,4,,,
304.0,841.0599517822264,1049.963207244873,0.3468348383903503,0.7337709665298462,0.3285390436649322,0.729141116142273,2.8249053955078125,2.7095947265625,Fixation,836.215117483428,1071.2889627976851,128.0,3.0,True,5,word,fruit,1.0
308.0,832.1721649169922,1049.3566417694092,0.341489315032959,0.7313387393951416,0.3250672519207001,0.7287198901176453,2.8090362548828125,2.7047271728515625,Fixation,836.215117483428,1071.2889627976851,128.0,3.0,True,5,word,fruit,1.0
312.0,853.3995056152344,1056.9422721862793,0.3352975845336914,0.722671389579773,0.3333591818809509,0.7339876890182495,2.8061981201171875,2.716049194335937,Fixation,836.215117483428,1071.2889627976851,128.0,3.0,True,5,word,fruit,1.0
316.0,845.5669403076171,1075.2178573608398,0.3317095637321472,0.7390183806419373,0.3302995860576629,0.7466790676116943,2.799179077148437,2.715316772460937,Fixation,836.215117483428,1071.2889627976851,128.0,3.0,True,5,word,fruit,1.0
320.0,829.5409393310546,1064.3892860412598,0.332144170999527,0.7443840503692627,0.3240394294261932,0.7391592264175415,2.796737670898437,2.7030487060546875,Fixation,836.215117483428,1071.2889627976851,128.0,3.0,True,5,word,fruit,1.0
324.0,832.8269195556641,1067.3725032806396,0.326612263917923,0.7413763999938965,0.3253230154514313,0.7412309050559998,2.795516967773437,2.7046051025390625,Fixation,836.215117483428,1071.2889627976851,128.0,3.0,True,5,word,fruit,1.0
328.0,837.9817199707031,1076.8952465057373,0.3276324570178985,0.7404184341430664,0.3273366093635559,0.7478439211845398,2.79779052734375,2.715972900390625,Fixation,836.215117483428,1071.2889627976851,128.0,3.0,True,5,word,fruit,1.0
332.0,847.0378875732421,1082.2872161865234,0.3288109004497528,0.7314012050628662,0.3308741748332977,0.7515883445739746,2.7893218994140625,2.71722412109375,Fixation,836.215117483428,1071.2889627976851,128.0,3.0,True,5,word,fruit,1.0
336.0,852.5579071044921,1064.4640445709229,0.3268720805644989,0.7320685386657715,0.3330304324626922,0.7392111420631409,2.79412841796875,2.6881103515625,Fixation,836.215117483428,1071.2889627976851,128.0,3.0,True,5,word,fruit,1.0
340.0,839.1444396972656,1075.2003479003906,0.3280040621757507,0.7250260710716248,0.3277907967567444,0.7466669082641602,2.766876220703125,2.687530517578125,Fixation,836.215117483428,1071.2889627976851,128.0,3.0,True,5,word,fruit,1.0
344.0,837.8308868408202,1069.2831802368164,0.3291733562946319,0.732402503490448,0.3272776901721954,0.7425577640533447,2.792938232421875,2.6907196044921875,Fixation,836.215117483428,1071.2889627976851,128.0,3.0,True,5,word,fruit,1.0
348.0,835.3611755371093,1079.917345046997,0.3278332650661468,0.7364369630813599,0.3263129591941833,0.7499426007270813,2.78729248046875,2.6993560791015625,Fixation,836.215117483428,1071.2889627976851,128.0,3.0,True,5,word,fruit,1.0
352.0,845.419464111328,1083.570384979248,0.3296132981777191,0.7388799786567688,0.3302419781684875,0.7524794340133667,2.7888641357421875,2.669952392578125,Fixation,836.215117483428,1071.2889627976851,128.0,3.0,True,5,word,fruit,1.0
356.0,840.8469390869141,1075.0990676879883,0.3251346945762634,0.7357140779495239,0.3284558355808258,0.7465965747833252,2.769012451171875,2.667343139648437,Fixation,836.215117483428,1071.2889627976851,128.0,3.0,True,5,word,fruit,1.0
360.0,832.2106170654296,1071.9960308074951,0.3324644863605499,0.7358217835426331,0.3250822722911834,0.7444416880607605,2.7689971923828125,2.666656494140625,Fixation,836.215117483428,1071.2889627976851,128.0,3.0,True,5,word,fruit,1.0
364.0,832.5887298583984,1080.7993412017822,0.3319675922393799,0.7387936115264893,0.3252299726009369,0.7505550980567932,2.7823486328125,2.6906890869140625,Fixation,836.215117483428,1071.2889627976851,128.0,3.0,True,5,word,fruit,1.0
368.0,814.2232513427734,1066.953477859497,0.3344555497169494,0.7430525422096252,0.3180559575557709,0.7409399151802063,2.774765014648437,2.672576904296875,Fixation,836.215117483428,1071.2889627976851,128.0,3.0,True,5,word,fruit,1.0
372.0,819.7731781005859,1072.8443813323975,0.3304865956306457,0.7393167614936829,0.3202238976955414,0.7450308203697205,2.7723541259765625,2.676361083984375,Fixation,836.215117483428,1071.2889627976851,128.0,3.0,True,5,word,fruit,1.0
376.0,830.2214813232422,1074.4453811645508,0.3315646052360534,0.7305989265441895,0.3243052661418915,0.7461426258087158,2.763168334960937,2.67486572265625,Fixation,836.215117483428,1071.2889627976851,128.0,3.0,True,5,word,fruit,1.0
380.0,834.1952514648438,1075.5404949188232,0.3279198110103607,0.7355735301971436,0.3258575201034546,0.746903121471405,2.74078369140625,2.672225952148437,Fixation,836.215117483428,1071.2889627976851,128.0,3.0,True,5,word,fruit,1.0
384.0,822.5574493408202,1074.55979347229,0.3293374478816986,0.7387676239013672,0.3213115036487579,0.7462220788002014,2.7617950439453125,2.670684814453125,Fixation,836.215117483428,1071.2889627976851,128.0,3.0,True,5,word,fruit,1.0
388.0,816.9171905517578,1068.4296798706055,0.3256164789199829,0.7399104833602905,0.3191082775592804,0.7419650554656982,2.7707672119140625,2.6604461669921875,Fixation,836.215117483428,1071.2889627976851,128.0,3.0,True,5,word,fruit,1.0
392.0,836.9850158691405,1066.1457252502441,0.3221805691719055,0.7404447197914124,0.326947271823883,0.7403789758682251,2.7527008056640625,2.65521240234375,Fixation,836.215117483428,1071.2889627976851,128.0,3.0,True,5,word,fruit,1.0
396.0,844.5076751708984,1076.2270545959473,0.3256530165672302,0.7341676354408264,0.3298858106136322,0.7473798990249634,2.7424774169921875,2.6610107421875,Fixation,836.215117483428,1071.2889627976851,128.0,3.0,True,5,word,fruit,1.0
400.0,838.6508178710938,1078.4118747711182,0.3313431143760681,0.7339243292808533,0.327597975730896,0.748897135257721,2.7652587890625,2.646713256835937,Fixation,836.215117483428,1071.2889627976851,128.0,3.0,True,5,word,fruit,1.0
404.0,844.5766448974609,1069.1708278656006,0.3295721113681793,0.734660267829895,0.3299127519130707,0.7424797415733337,2.7458953857421875,2.6538848876953125,Fixation,836.215117483428,1071.2889627976851,128.0,3.0,True,5,word,fruit,1.0
408.0,846.8567657470702,1072.5994205474854,0.3366727530956268,0.7283874750137329,0.3308034241199493,0.7448607087135315,2.7530059814453125,2.656707763671875,Fixation,836.215117483428,1071.2889627976851,128.0,3.0,True,5,word,fruit,1.0
412.0,851.9168090820311,1049.1016387939453,0.3338748216629028,0.7245483994483948,0.3327800035476684,0.7285428047180176,2.7387237548828125,2.631088256835937,Fixation,836.215117483428,1071.2889627976851,128.0,3.0,True,5,word,fruit,1.0
416.0,859.6339416503905,1071.333417892456,0.3328324854373932,0.7415497899055481,0.3357945084571838,0.7439815402030945,2.752227783203125,2.6627197265625,Fixation,836.215117483428,1071.2889627976851,128.0,3.0,True,5,word,fruit,1.0
420.0,850.5044555664061,1079.2484664916992,0.3322173655033111,0.7381401658058167,0.3322283029556274,0.7494781017303467,2.7286529541015625,2.6513671875,Fixation,836.215117483428,1071.2889627976851,128.0,3.0,True,5,word,fruit,1.0
424.0,831.4810180664061,1071.119441986084,0.3287604749202728,0.7499145269393921,0.3247972726821899,0.7438329458236694,2.740951538085937,2.65777587890625,Fixation,836.215117483428,1071.2889627976851,128.0,3.0,True,5,word,fruit,1.0
428.0,815.6087493896484,1071.7558765411377,0.3187417089939117,0.7453755736351013,0.3185971677303314,0.744274914264679,2.7248992919921875,2.660430908203125,Fixation,836.215117483428,1071.2889627976851,128.0,3.0,True,5,word,fruit,1.0
432.0,800.9429931640625,1091.8948459625244,0.311716616153717,0.7457065582275391,0.3128683567047119,0.7582603096961975,2.7564697265625,2.65045166015625,Fixation,836.215117483428,1071.2889627976851,128.0,3.0,True,5,word,fruit,1.0
436.0,776.4987182617188,1099.2455577850342,0.3042038381099701,0.7476562261581421,0.3033198118209839,0.7633649706840515,2.7563629150390625,2.650131225585937,Fixation,748.8210526557818,1096.1895855158975,288.0,4.0,True,6,word,some,0.0
440.0,773.9543151855468,1092.98978805542,0.3056618869304657,0.7503658533096313,0.3023259043693542,0.7590206861495972,2.7221221923828125,2.640869140625,Fixation,748.8210526557818,1096.1895855158975,288.0,4.0,True,6,word,some,0.0
444.0,776.4491271972656,1074.179391860962,0.3064593374729156,0.7549900412559509,0.3033004403114319,0.7459579110145569,2.72222900390625,2.62261962890625,Fixation,748.8210526557818,1096.1895855158975,288.0,4.0,True,6,word,some,0.0
448.0,773.1729125976562,1083.459062576294,0.2967359125614166,0.7576594352722168,0.3020206689834595,0.752402126789093,2.734954833984375,2.6361236572265625,Fixation,748.8210526557818,1096.1895855158975,288.0,4.0,True,6,word,some,0.0
452.0,757.7690124511719,1096.5663528442383,0.2927748560905456,0.7692824602127075,0.296003520488739,0.7615044116973877,2.7220916748046875,2.6474761962890625,Fixation,748.8210526557818,1096.1895855158975,288.0,4.0,True,6,word,some,0.0
456.0,754.4153594970703,1086.8911743164062,0.2965329587459564,0.7702537178993225,0.2946934998035431,0.7547855377197266,2.7152862548828125,2.6210174560546875,Fixation,748.8210526557818,1096.1895855158975,288.0,4.0,True,6,word,some,0.0
460.0,764.1347503662108,1103.062448501587,0.2944726645946502,0.7710075378417969,0.2984901368618011,0.7660155892372131,2.711578369140625,2.619415283203125,Fixation,748.8210526557818,1096.1895855158975,288.0,4.0,True,6,word,some,0.0
464.0,758.7381744384766,1106.9734954833984,0.298686534166336,0.7602605819702148,0.2963820993900299,0.7687315940856934,2.70086669921875,2.619873046875,Fixation,748.8210526557818,1096.1895855158975,288.0,4.0,True,6,word,some,0.0
468.0,764.9959564208983,1094.9126529693604,0.299500435590744,0.755845844745636,0.2988265454769134,0.7603560090065002,2.711090087890625,2.6380157470703125,Fixation,748.8210526557818,1096.1895855158975,288.0,4.0,True,6,word,some,0.0
472.0,754.6643066406249,1104.268455505371,0.2971436381340027,0.7611911296844482,0.2947907447814941,0.7668530941009521,2.7057037353515625,2.638290405273437,Fixation,748.8210526557818,1096.1895855158975,288.0,4.0,True,6,word,some,0.0
476.0,770.2332305908203,1118.2222080230713,0.2982831001281738,0.7593496441841125,0.3008723556995392,0.7765432000160217,2.7251434326171875,2.6318817138671875,Fixation,748.8210526557818,1096.1895855158975,288.0,4.0,True,6,word,some,0.0
480.0,765.7818603515625,1109.9127674102783,0.3011781275272369,0.7571168541908264,0.2991335391998291,0.7707727551460266,2.70782470703125,2.6516571044921875,Fixation,748.8210526557818,1096.1895855158975,288.0,4.0,True,6,word,some,0.0
484.0,753.3090972900391,1106.247797012329,0.2973367571830749,0.7603846192359924,0.2942613661289215,0.7682276368141174,2.725830078125,2.6205291748046875,Fixation,748.8210526557818,1096.1895855158975,288.0,4.0,True,6,word,some,0.0
488.0,756.2133026123047,1104.0704441070557,0.2968479990959167,0.7588727474212646,0.2953958213329315,0.7667155861854553,2.70135498046875,2.619293212890625,Fixation,748.8210526557818,1096.1895855158975,288.0,4.0,True,6,word,some,0.0
492.0,763.2687377929688,1105.9370040893555,0.3010181188583374,0.758100688457489,0.2981518507003784,0.7680118083953857,2.6984405517578125,2.631500244140625,Fixation,748.8210526557818,1096.1895855158975,288.0,4.0,True,6,word,some,0.0
496.0,764.3541717529296,1099.9021625518799,0.2982673048973083,0.7614177465438843,0.2985758483409881,0.7638209462165833,2.707855224609375,2.6338043212890625,Fixation,748.8210526557818,1096.1895855158975,288.0,4.0,True,6,word,some,0.0
500.0,756.5908813476562,1083.3132362365723,0.2964130938053131,0.7664333581924438,0.2955433130264282,0.7523008584976196,2.707763671875,2.616546630859375,Fixation,748.8210526557818,1096.1895855158975,288.0,4.0,True,6,word,some,0.0
504.0,765.1332855224609,1092.098093032837,0.3006408810615539,0.7621456980705261,0.2988801896572113,0.7584014534950256,2.678009033203125,2.63592529296875,Fixation,748.8210526557818,1096.1895855158975,288.0,4.0,True,6,word,some,0.0
508.0,772.1566772460936,1094.4862461090088,0.297251433134079,0.7575275301933289,0.3016237020492553,0.7600598931312561,2.689483642578125,2.6255645751953125,Fixation,748.8210526557818,1096.1895855158975,288.0,4.0,True,6,word,some,0.0
512.0,770.9908294677734,1096.188097000122,0.3031584918498993,0.763118326663971,0.301168292760849,0.7612417340278625,2.6825103759765625,2.639633178710937,Fixation,748.8210526557818,1096.1895855158975,288.0,4.0,True,6,word,some,0.0
516.0,776.1439514160156,1106.649398803711,0.2984988987445831,0.7638357281684875,0.3031812310218811,0.7685065269470215,2.689239501953125,2.6189727783203125,Fixation,748.8210526557818,1096.1895855158975,288.0,4.0,True,6,word,some,0.0
520.0,769.1876220703125,1102.2952938079834,0.2988311052322387,0.772950291633606,0.3004639148712158,0.7654828429222107,2.7121734619140625,2.619110107421875,Fixation,748.8210526557818,1096.1895855158975,288.0,4.0,True,6,word,some,0.0
524.0,764.1645050048827,1089.4331359863281,0.2942522764205932,0.7711290121078491,0.2985017597675323,0.7565507888793945,2.693572998046875,2.6123046875,Fixation,748.8210526557818,1096.1895855158975,288.0,4.0,True,6,word,some,0.0
528.0,771.4875793457031,1092.7727222442627,0.2987609803676605,0.7626108527183533,0.3013623356819153,0.7588699460029602,2.7052459716796875,2.6153717041015625,Fixation,748.8210526557818,1096.1895855158975,288.0,4.0,True,6,word,some,0.0
532.0,766.3041687011718,1097.3112773895264,0.2972102463245392,0.7623611092567444,0.2993375658988952,0.7620217204093933,2.6789703369140625,2.5810546875,Fixation,748.8210526557818,1096.1895855158975,288.0,4.0,True,6,word,some,0.0
536.0,767.8532409667968,1093.17964553833,0.2958601117134094,0.7616976499557495,0.299942672252655,0.7591525316238403,2.691650390625,2.592391967773437,Fixation,748.8210526557818,1096.1895855158975,288.0,4.0,True,6,word,some,0.0
540.0,774.7518157958984,1104.0698432922363,0.2970332205295563,0.7646628618240356,0.3026374280452728,0.7667151689529419,2.695526123046875,2.6102447509765625,Fixation,748.8210526557818,1096.1895855158975,288.0,4.0,True,6,word,some,0.0
544.0,761.8289947509766,1092.1081352233887,0.292900025844574,0.7595459818840027,0.2975894510746002,0.7584084272384644,2.6924285888671875,2.6036376953125,Fixation,748.8210526557818,1096.1895855158975,288.0,4.0,True,6,word,some,0.0
548.0,770.0287628173827,1089.6688270568848,0.2988540530204773,0.7594397068023682,0.3007924854755401,0.7567144632339478,2.697418212890625,2.600250244140625,Fixation,748.8210526557818,1096.1895855158975,288.0,4.0,True,6,word,some,0.0
552.0,780.9782409667968,1104.5855140686035,0.2969562709331512,0.7471977472305298,0.305069625377655,0.7670732736587524,2.6822662353515625,2.633056640625,Fixation,748.8210526557818,1096.1895855158975,288.0,4.0,True,6,word,some,0.0
556.0,768.3355712890624,1091.1849403381348,0.2963560223579407,0.7494033575057983,0.30013108253479,0.7577673196792603,2.696533203125,2.590682983398437,Fixation,748.8210526557818,1096.1895855158975,288.0,4.0,True,6,word,some,0.0
560.0,780.6682586669922,1088.9783191680908,0.2999355494976043,0.7586174607276917,0.3049485385417938,0.7562349438667297,2.699935913085937,2.617828369140625,Fixation,748.8210526557818,1096.1895855158975,288.0,4.0,True,6,word,some,0.0
564.0,754.3203735351562,1087.8506755828857,0.2933045029640198,0.752065896987915,0.2946563959121704,0.7554518580436707,2.701156616210937,2.59912109375,Fixation,748.8210526557818,1096.1895855158975,288.0,4.0,True,6,word,some,0.0
568.0,745.5306243896484,1077.3987293243408,0.2940374314785003,0.7594538331031799,0.2912229001522064,0.7481935620307922,2.705078125,2.6001434326171875,Fixation,748.8210526557818,1096.1895855158975,288.0,4.0,True,6,word,some,0.0
572.0,768.995132446289,1078.5635375976562,0.2964795231819153,0.7572944164276123,0.3003887236118316,0.7490024566650391,2.69024658203125,2.613021850585937,Fixation,748.8210526557818,1096.1895855158975,288.0,4.0,True,6,word,some,0.0
576.0,765.8377838134766,1094.402732849121,0.2971555590629577,0.750290036201477,0.2991553843021393,0.7600018978118896,2.712860107421875,2.603866577148437,Fixation,748.8210526557818,1096.1895855158975,288.0,4.0,True,6,word,some,0.0
580.0,759.4693756103516,1092.1273612976074,0.2982520163059234,0.7635399103164673,0.2966677248477936,0.758421778678894,2.719345092773437,2.607635498046875,Fixation,748.8210526557818,1096.1895855158975,288.0,4.0,True,6,word,some,0.0
584.0,754.2147827148436,1088.7021160125732,0.2946143448352813,0.7590206861495972,0.2946151494979858,0.7560431361198425,2.7051239013671875,2.594512939453125,Fixation,748.8210526557818,1096.1895855158975,288.0,4.0,True,6,word,some,0.0
588.0,758.283462524414,1094.2047214508057,0.294072151184082,0.7501925826072693,0.2962044775485992,0.7598643898963928,2.688629150390625,2.604248046875,Fixation,748.8210526557818,1096.1895855158975,288.0,4.0,True,6,word,some,0.0
592.0,764.5893096923827,1087.9571056365967,0.298831582069397,0.7539102435112,0.298667699098587,0.7555257678031921,2.703826904296875,2.610992431640625,Fixation,748.8210526557818,1096.1895855158975,288.0,4.0,True,6,word,some,0.0
596.0,746.6056060791014,1083.4400939941406,0.2928379476070404,0.7595237493515015,0.291642814874649,0.7523889541625977,2.71368408203125,2.5994415283203125,Fixation,748.8210526557818,1096.1895855158975,288.0,4.0,True,6,word,some,0.0
600.0,745.7301330566405,1087.2797298431396,0.2859973609447479,0.7573583126068115,0.2913008332252502,0.7550553679466248,2.69293212890625,2.612411499023437,Fixation,748.8210526557818,1096.1895855158975,288.0,4.0,True,6,word,some,0.0
604.0,724.2046356201172,1094.8719692230225,0.2740896046161651,0.7641556859016418,0.2828924357891083,0.7603277564048767,2.691390991210937,2.575180053710937,Fixation,748.8210526557818,1096.1895855158975,288.0,4.0,True,6,word,some,0.0
608.0,729.7142791748047,1096.8385219573975,0.2716351449489593,0.7695198059082031,0.2850446403026581,0.7616934180259705,2.6981964111328125,2.612762451171875,Fixation,748.8210526557818,1096.1895855158975,288.0,4.0,True,6,word,some,0.0
612.0,737.0402526855468,1103.408432006836,0.2731558978557586,0.7698789834976196,0.2879063487052917,0.7662558555603027,2.7058258056640625,2.607757568359375,Fixation,748.8210526557818,1096.1895855158975,288.0,4.0,True,6,word,some,0.0
616.0,734.7055816650391,1105.622262954712,0.2744162678718567,0.7682367563247681,0.2869943678379059,0.7677932381629944,2.695037841796875,2.6261138916015625,Fixation,748.8210526557818,1096.1895855158975,288.0,4.0,True,6,word,some,0.0
620.0,736.6686248779297,1096.700677871704,0.2772639095783233,0.7645586133003235,0.2877611815929413,0.7615976929664612,2.7097930908203125,2.6118621826171875,Fixation,748.8210526557818,1096.1895855158975,288.0,4.0,True,6,word,some,0.0
624.0,720.3637695312499,1076.3808631896973,0.2727963030338287,0.7606951594352722,0.2813920974731445,0.7474867105484009,2.70538330078125,2.597259521484375,Fixation,748.8210526557818,1096.1895855158975,288.0,4.0,True,6,word,some,0.0
628.0,721.5387725830078,1091.1431407928467,0.2709044516086578,0.7680895328521729,0.2818510830402374,0.7577382922172546,2.6973876953125,2.590072631835937,Fixation,748.8210526557818,1096.1895855158975,288.0,4.0,True,6,word,some,0.0
632.0,730.1358032226562,1088.7063217163086,0.2778779864311218,0.7613168358802795,0.2852092981338501,0.7560460567474365,2.696807861328125,2.5974884033203125,Fixation,748.8210526557818,1096.1895855158975,288.0,4.0,True,6,word,some,0.0
636.0,733.2498931884764,1087.097339630127,0.2712645828723907,0.7657690644264221,0.2864257395267486,0.754928708076477,2.697113037109375,2.5933074951171875,Fixation,748.8210526557818,1096.1895855158975,288.0,4.0,True,6,word,some,0.0
640.0,725.4953002929688,1096.1196041107178,0.2735649645328522,0.7587170004844666,0.2833966016769409,0.7611941695213318,2.703826904296875,2.6040802001953125,Fixation,748.8210526557818,1096.1895855158975,288.0,4.0,True,6,word,some,0.0
644.0,720.7585144042968,1085.990810394287,0.2746269106864929,0.7610961198806763,0.2815462946891784,0.7541602849960327,2.717529296875,2.589447021484375,Fixation,748.8210526557818,1096.1895855158975,288.0,4.0,True,6,word,some,0.0
648.0,732.2750091552734,1103.8912296295166,0.2753842771053314,0.7618696689605713,0.2860449254512787,0.7665911316871643,2.70318603515625,2.6041412353515625,Fixation,748.8210526557818,1096.1895855158975,288.0,4.0,True,6,word,some,0.0
652.0,715.740509033203,1094.0686798095703,0.2765603959560394,0.7593994140625,0.2795861363410949,0.7597699165344238,2.701324462890625,2.6121826171875,Fixation,748.8210526557818,1096.1895855158975,288.0,4.0,True,6,word,some,0.0
656.0,730.458984375,1090.9410095214844,0.2740950584411621,0.760392963886261,0.2853355407714844,0.7575979232788086,2.677520751953125,2.61248779296875,Fixation,748.8210526557818,1096.1895855158975,288.0,4.0,True,6,word,some,0.0
660.0,712.7551269531249,1111.7071437835693,0.2759178876876831,0.7554901838302612,0.2784199714660644,0.7720188498497009,2.67999267578125,2.617538452148437,Fixation,748.8210526557818,1096.1895855158975,288.0,4.0,True,6,word,some,0.0
664.0,716.5061187744141,1097.4340152740479,0.2762986719608307,0.7694416642189026,0.2798852026462555,0.7621069550514221,2.705078125,2.6253814697265625,Fixation,748.8210526557818,1096.1895855158975,288.0,4.0,True,6,word,some,0.0
668.0,736.9375610351562,1099.5170402526855,0.2718337178230285,0.7647298574447632,0.2878662347793579,0.7635535001754761,2.700592041015625,2.5948486328125,Fixation,748.8210526557818,1096.1895855158975,288.0,4.0,True,6,word,some,0.0
672.0,728.6048889160156,1101.9721412658691,0.2823188900947571,0.7802228927612305,0.2846112847328186,0.7652584314346313,2.7375640869140625,2.604400634765625,Fixation,748.8210526557818,1096.1895855158975,288.0,4.0,True,6,word,some,0.0
676.0,739.3793487548828,1113.7086296081543,0.2813447117805481,0.7633772492408752,0.2888200581073761,0.7734087705612183,2.7158203125,2.624298095703125,Fixation,748.8210526557818,1096.1895855158975,288.0,4.0,True,6,word,some,0.0
680.0,747.1176147460936,1109.0585803985596,0.2785224616527557,0.7692941427230835,0.2918428182601928,0.7701795697212219,2.711273193359375,2.633453369140625,Fixation,748.8210526557818,1096.1895855158975,288.0,4.0,True,6,word,some,0.0
684.0,732.5272369384766,1108.1836223602295,0.28224977850914,0.7598749399185181,0.2861434519290924,0.7695719599723816,2.71917724609375,2.6307830810546875,Fixation,748.8210526557818,1096.1895855158975,288.0,4.0,True,6,word,some,0.0
688.0,737.0390319824218,1112.8457736968994,0.2824653089046478,0.7605436444282532,0.2879058718681335,0.7728095650672913,2.722030639648437,2.6265869140625,Fixation,748.8210526557818,1096.1895855158975,288.0,4.0,True,6,word,some,0.0
692.0,730.3078460693358,1089.2968368530273,0.2781822085380554,0.7511956095695496,0.2852765023708343,0.7564561367034912,2.6941375732421875,2.6291656494140625,Fixation,748.8210526557818,1096.1895855158975,288.0,4.0,True,6,word,some,0.0
696.0,736.6118621826171,1098.6739253997803,0.2774218320846557,0.7700287103652954,0.2877390086650848,0.7629680037498474,2.721588134765625,2.617279052734375,Fixation,748.8210526557818,1096.1895855158975,288.0,4.0,True,6,word,some,0.0
700.0,716.3473510742188,1102.8772258758545,0.2762346565723419,0.7763605117797852,0.2798231840133667,0.7658869624137878,2.7189483642578125,2.62567138671875,Fixation,748.8210526557818,1096.1895855158975,288.0,4.0,True,6,word,some,0.0
704.0,709.0880584716797,1096.445074081421,0.280890941619873,0.7717468738555908,0.2769875228404999,0.7614201903343201,2.7208251953125,2.6057891845703125,Fixation,748.8210526557818,1096.1895855158975,288.0,4.0,True,6,word,some,0.0
708.0,724.0834045410155,1095.3811168670654,0.2799839973449707,0.7749914526939392,0.2828450798988342,0.7606813311576843,2.711029052734375,2.6299591064453125,Fixation,748.8210526557818,1096.1895855158975,288.0,4.0,True,6,word,some,0.0
712.0,705.8151245117186,1102.003469467163,0.2859360575675964,0.7706798315048218,0.2757090330123901,0.7652801871299744,2.711761474609375,2.611190795898437,Fixation,748.8210526557818,1096.1895855158975,288.0,4.0,True,6,word,some,0.0
716.0,715.9929656982421,1096.775951385498,0.2770116031169891,0.7637458443641663,0.2796847522258758,0.7616499662399292,2.730712890625,2.6223602294921875,Fixation,748.8210526557818,1096.1895855158975,288.0,4.0,True,6,word,some,0.0
720.0,724.2564392089844,1092.7978706359863,0.2828579545021057,0.7624198198318481,0.2829126715660095,0.7588874101638794,2.736602783203125,2.63323974609375,Fixation,748.8210526557818,1096.1895855158975,288.0,4.0,True,6,word,some,0.0
724.0,750.0829315185547,1104.2901706695557,0.2954495549201965,0.7564846277236938,0.2930011451244354,0.7668681740760803,2.738021850585937,2.6345672607421875,Fixation,748.8210526557818,1096.1895855158975,288.0,4.0,True,6,word,some,0.0
728.0,820.3293609619141,1100.3655624389648,0.3195219933986664,0.7594100832939148,0.3204411566257477,0.7641427516937256,2.738998413085937,2.623809814453125,Saccade,,,,0.0,False,7,,,
732.0,878.7957000732421,1091.7230129241943,0.3488411605358124,0.7521158456802368,0.3432795703411102,0.7581409811973572,2.738525390625,2.6185455322265625,Saccade,,,,0.0,False,7,,,
736.0,955.8953857421875,1111.750659942627,0.3664242923259735,0.7608631253242493,0.373396635055542,0.772049069404602,2.7435302734375,2.66754150390625,Saccade,,,,0.0,False,7,,,
740.0,1044.3331146240232,1078.7975978851318,0.3954368829727173,0.7530702948570251,0.4079426229000091,0.7491649985313416,2.74530029296875,2.63604736328125,Saccade,,,,0.0,False,7,,,
744.0,1084.8336791992188,1073.979148864746,0.4120530784130096,0.7557387948036194,0.4237631559371948,0.7458188533782959,2.7664794921875,2.633026123046875,Fixation,1097.5458455640216,1092.3296782027844,168.0,5.0,True,8,word,granola,3.0
748.0,1074.5946502685547,1084.8299503326416,0.4246893227100372,0.7588356137275696,0.4197635352611542,0.7533541321754456,2.7366943359375,2.63623046875,Fixation,1097.5458455640216,1092.3296782027844,168.0,5.0,True,8,word,granola,3.0
752.0,1109.6177673339841,1098.7770080566406,0.4269526302814483,0.7672274112701416,0.4334444403648376,0.7630395889282227,2.7593231201171875,2.6427459716796875,Fixation,1097.5458455640216,1092.3296782027844,168.0,5.0,True,8,word,granola,3.0
756.0,1114.173355102539,1093.678150177002,0.4362558126449585,0.7619041204452515,0.4352239668369293,0.7594987154006958,2.76544189453125,2.640121459960937,Fixation,1097.5458455640216,1092.3296782027844,168.0,5.0,True,8,word,granola,3.0
760.0,1087.441635131836,1096.2314414978027,0.4303228557109833,0.7503544092178345,0.4247818887233734,0.7612718343734741,2.7406158447265625,2.6267242431640625,Fixation,1097.5458455640216,1092.3296782027844,168.0,5.0,True,8,word,granola,3.0
764.0,1088.7735748291016,1100.5256366729736,0.4287902414798736,0.7452908158302307,0.4253021776676178,0.7642539143562317,2.748748779296875,2.6486053466796875,Fixation,1097.5458455640216,1092.3296782027844,168.0,5.0,True,8,word,granola,3.0
768.0,1089.6240234374998,1097.4125576019287,0.4234504699707031,0.7515797019004822,0.4256343841552734,0.7620920538902283,2.743316650390625,2.6432647705078125,Fixation,1097.5458455640216,1092.3296782027844,168.0,5.0,True,8,word,granola,3.0
772.0,1100.7177734374998,1101.1467933654785,0.4330922067165375,0.7623492479324341,0.4299678802490234,0.7646852731704712,2.76263427734375,2.6444549560546875,Fixation,1097.5458455640216,1092.3296782027844,168.0,5.0,True,8,word,granola,3.0
776.0,1096.2926483154297,1090.2939319610596,0.4339271485805511,0.7584394812583923,0.4282393157482147,0.7571485638618469,2.778167724609375,2.6471710205078125,Fixation,1097.5458455640216,1092.3296782027844,168.0,5.0,True,8,word,granola,3.0
780.0,1090.607223510742,1094.0514278411865,0.4370304644107818,0.7561683058738708,0.4260184466838836,0.759757936000824,2.7561798095703125,2.629745483398437,Fixation,1097.5458455640216,1092.3296782027844,168.0,5.0,True,8,word,granola,3.0
784.0,1094.4419860839844,1082.499475479126,0.4338218569755554,0.7539401650428772,0.4275164008140564,0.7517357468605042,2.763778686523437,2.638275146484375,Fixation,1097.5458455640216,1092.3296782027844,168.0,5.0,True,8,word,granola,3.0
788.0,1096.7591094970703,1092.0035076141357,0.4367932677268982,0.750403106212616,0.4284215271472931,0.7583357691764832,2.7579803466796875,2.654159545898437,Fixation,1097.5458455640216,1092.3296782027844,168.0,5.0,True,8,word,granola,3.0
792.0,1080.9861755371091,1094.8284530639648,0.4304428398609161,0.7569848895072937,0.4222602248191833,0.7602975368499756,2.75958251953125,2.633285522460937,Fixation,1097.5458455640216,1092.3296782027844,168.0,5.0,True,8,word,granola,3.0
796.0,1103.7355041503904,1091.8194007873535,0.4375797510147095,0.755908727645874,0.4311466813087463,0.7582079172134399,2.7726287841796875,2.6407623291015625,Fixation,1097.5458455640216,1092.3296782027844,168.0,5.0,True,8,word,granola,3.0
800.0,1093.6249542236326,1090.4923725128174,0.43585866689682,0.7616370320320129,0.4271972477436065,0.7572863698005676,2.75933837890625,2.64031982421875,Fixation,1097.5458455640216,1092.3296782027844,168.0,5.0,True,8,word,granola,3.0
804.0,1083.9472198486328,1099.3225479125977,0.4322035312652588,0.7524582147598267,0.4234168827533722,0.763418436050415,2.7631072998046875,2.65545654296875,Fixation,1097.5458455640216,1092.3296782027844,168.0,5.0,True,8,word,granola,3.0
808.0,1089.558868408203,1098.5971927642822,0.4321577250957489,0.7566999197006226,0.4256089329719543,0.7629147171974182,2.766204833984375,2.6530914306640625,Fixation,1097.5458455640216,1092.3296782027844,168.0,5.0,True,8,word,granola,3.0
812.0,1092.503967285156,1096.8790340423584,0.4365329444408417,0.746712327003479,0.4267593622207641,0.7617215514183044,2.753448486328125,2.639389038085937,Fixation,1097.5458455640216,1092.3296782027844,168.0,5.0,True,8,word,granola,3.0
816.0,1097.459716796875,1089.4785404205322,0.4341734051704407,0.7449918389320374,0.4286952018737793,0.7565823197364807,2.753814697265625,2.661285400390625,Fixation,1097.5458455640216,1092.3296782027844,168.0,5.0,True,8,word,granola,3.0
820.0,1097.8924560546875,1084.4082641601562,0.4329811334609985,0.7499096989631653,0.4288642406463623,0.7530612945556641,2.7559814453125,2.653549194335937,Fixation,1097.5458455640216,1092.3296782027844,168.0,5.0,True,8,word,granola,3.0
824.0,1094.293212890625,1095.9850215911865,0.4346403479576111,0.7545375227928162,0.4274582862854004,0.761100709438324,2.762115478515625,2.6409912109375,Fixation,1097.5458455640216,1092.3296782027844,168.0,5.0,True,8,word,granola,3.0
828.0,1080.8919525146482,1076.0327339172363,0.4309495687484741,0.7561255097389221,0.4222234189510345,0.7472449541091919,2.777694702148437,2.62152099609375,Fixation,1097.5458455640216,1092.3296782027844,168.0,5.0,True,8,word,granola,3.0
832.0,1099.404296875,1079.7063732147217,0.4307879507541656,0.7488712668418884,0.4294548034667969,0.7497960925102234,2.7739715576171875,2.647918701171875,Fixation,1097.5458455640216,1092.3296782027844,168.0,5.0,True,8,word,granola,3.0
836.0,1093.1218719482422,1081.9821739196777,0.4353220760822296,0.754905104637146,0.4270007312297821,0.7513765096664429,2.7811279296875,2.6608428955078125,Fixation,1097.5458455640216,1092.3296782027844,168.0,5.0,True,8,word,granola,3.0
840.0,1106.862869262695,1091.94411277771,0.4339585602283478,0.7535451650619507,0.4323683083057403,0.7582945227622986,2.775177001953125,2.651458740234375,Fixation,1097.5458455640216,1092.3296782027844,168.0,5.0,True,8,word,granola,3.0
844.0,1098.4185791015623,1082.9052829742432,0.4398090839385986,0.761882483959198,0.4290697574615478,0.7520175576210022,2.7745361328125,2.65716552734375,Fixation,1097.5458455640216,1092.3296782027844,168.0,5.0,True,8,word,granola,3.0
848.0,1091.8983459472654,1091.042890548706,0.4341420233249664,0.7559856176376343,0.4265227913856506,0.757668673992157,2.782577514648437,2.648162841796875,Fixation,1097.5458455640216,1092.3296782027844,168.0,5.0,True,8,word,granola,3.0
852.0,1096.0580444335935,1095.2423286437988,0.4341836869716644,0.7529188990592957,0.4281476736068725,0.7605849504470825,2.7578125,2.652328491210937,Fixation,1097.5458455640216,1092.3296782027844,168.0,5.0,True,8,word,granola,3.0
856.0,1100.5009460449219,1095.1558113098145,0.4397468268871307,0.7499626278877258,0.4298831820487976,0.7605248689651489,2.77435302734375,2.6727294921875,Fixation,1097.5458455640216,1092.3296782027844,168.0,5.0,True,8,word,granola,3.0
860.0,1108.84407043457,1105.8759784698486,0.4356909990310669,0.74699866771698,0.433142215013504,0.7679694294929504,2.78570556640625,2.674072265625,Fixation,1097.5458455640216,1092.3296782027844,168.0,5.0,True,8,word,granola,3.0
864.0,1096.9705963134766,1090.5582904815674,0.4387641251087188,0.7480551600456238,0.4285041391849518,0.7573321461677551,2.78350830078125,2.6655426025390625,Fixation,1097.5458455640216,1092.3296782027844,168.0,5.0,True,8,word,granola,3.0
868.0,1096.8856048583984,1085.6782150268555,0.4353526830673218,0.7517474293708801,0.4284709393978119,0.7539432048797607,2.793365478515625,2.650909423828125,Fixation,1097.5458455640216,1092.3296782027844,168.0,5.0,True,8,word,granola,3.0
872.0,1103.5324096679688,1087.5858879089355,0.4371266365051269,0.7578333616256714,0.4310673475265503,0.7552679777145386,2.7882537841796875,2.668212890625,Fixation,1097.5458455640216,1092.3296782027844,168.0,5.0,True,8,word,granola,3.0
876.0,1089.9667358398435,1097.6216411590576,0.4338369965553283,0.7604331970214844,0.4257682561874389,0.7622372508049011,2.773834228515625,2.661361694335937,Fixation,1097.5458455640216,1092.3296782027844,168.0,5.0,True,8,word,granola,3.0
880.0,1099.2608642578125,1105.1897621154785,0.4380712807178497,0.764553427696228,0.429398775100708,0.7674928903579712,2.7928466796875,2.678985595703125,Fixation,1097.5458455640216,1092.3296782027844,168.0,5.0,True,8,word,granola,3.0
884.0,1089.6451568603513,1091.2157535552979,0.4354332387447357,0.7666510939598083,0.4256426393985748,0.7577887177467346,2.809310913085937,2.674057006835937,Fixation,1097.5458455640216,1092.3296782027844,168.0,5.0,True,8,word,granola,3.0
888.0,1104.788589477539,1097.2090530395508,0.4387635886669159,0.7585471272468567,0.4315580427646637,0.7619507312774658,2.7801666259765625,2.674163818359375,Fixation,1097.5458455640216,1092.3296782027844,168.0,5.0,True,8,word,granola,3.0
892.0,1103.2501983642578,1090.7165622711182,0.4352130591869354,0.7400001287460327,0.4309571087360382,0.757442057132721,2.7765045166015625,2.653671264648437,Fixation,1097.5458455640216,1092.3296782027844,168.0,5.0,True,8,word,granola,3.0
896.0,1100.7390594482422,1094.6061515808105,0.4377449750900268,0.7453941702842712,0.4299761950969696,0.7601431608200073,2.786483764648437,2.6605224609375,Fixation,1097.5458455640216,1092.3296782027844,168.0,5.0,True,8,word,granola,3.0
900.0,1102.4027252197266,1092.136287689209,0.4358375668525696,0.7502474188804626,0.4306260645389557,0.7584279775619507,2.779815673828125,2.6611480712890625,Fixation,1097.5458455640216,1092.3296782027844,168.0,5.0,True,8,word,granola,3.0
904.0,1100.9104156494138,1088.874807357788,0.4392746388912201,0.742688000202179,0.4300431311130523,0.7561630606651306,2.7689208984375,2.658233642578125,Fixation,1097.5458455640216,1092.3296782027844,168.0,5.0,True,8,word,granola,3.0
908.0,1109.029846191406,1097.1413326263428,0.4381346702575683,0.7443938255310059,0.433214783668518,0.761903703212738,2.762191772460937,2.672149658203125,Fixation,1097.5458455640216,1092.3296782027844,168.0,5.0,True,8,word,granola,3.0
912.0,1159.2086791992188,1104.5148754119873,0.4519641399383545,0.7526060342788696,0.4528158903121948,0.7670242190361023,2.79339599609375,2.657501220703125,Fixation,1097.5458455640216,1092.3296782027844,168.0,5.0,True,8,word,granola,3.0
916.0,1221.4192962646484,1086.5866470336914,0.4826803803443908,0.7633228302001953,0.4771169126033783,0.7545740604400635,2.8116455078125,2.6695556640625,Saccade,,,,0.0,False,9,,,
920.0,1267.5536346435545,1073.47806930542,0.4980028569698334,0.765786349773407,0.4951381385326385,0.7454708814620972,2.81292724609375,2.648681640625,Saccade,,,,0.0,False,9,,,
924.0,1295.4867553710938,1085.150785446167,0.5106571912765503,0.7655119895935059,0.5060495138168335,0.753576934337616,2.815460205078125,2.6535797119140625,Saccade,,,,0.0,False,9,,,
928.0,1315.1657104492188,1082.942876815796,0.5167708396911621,0.7622750997543335,0.5137366056442261,0.7520436644554138,2.8126220703125,2.6411590576171875,Saccade,,,,0.0,False,9,,,
932.0,1350.2984619140625,1079.6052646636963,0.5282019376754761,0.7637169361114502,0.5274603366851807,0.749725878238678,2.8036041259765625,2.623031616210937,Fixation,1351.813250732422,1074.8826250076295,196.0,6.0,True,10,word,between,5.0
936.0,1383.3836364746094,1068.4067630767822,0.5324165225028992,0.7552070021629333,0.5403842329978943,0.7419491410255432,2.820541381835937,2.6250152587890625,Fixation,1351.813250732422,1074.8826250076295,196.0,6.0,True,10,word,between,5.0
940.0,1377.9568481445312,1077.2850036621094,0.528913676738739,0.7580407857894897,0.5382643938064575,0.7481145858764648,2.82818603515625,2.630599975585937,Fixation,1351.813250732422,1074.8826250076295,196.0,6.0,True,10,word,between,5.0
944.0,1351.6204833984375,1072.2276020050049,0.5241402983665466,0.7626173496246338,0.5279767513275146,0.7446025013923645,2.821441650390625,2.632781982421875,Fixation,1351.813250732422,1074.8826250076295,196.0,6.0,True,10,word,between,5.0
948.0,1330.2606201171875,1078.9612770080566,0.5296719670295715,0.7670298218727112,0.5196330547332764,0.7492786645889282,2.8214111328125,2.64642333984375,Fixation,1351.813250732422,1074.8826250076295,196.0,6.0,True,10,word,between,5.0
952.0,1349.3112182617188,1087.5426292419434,0.532466471195221,0.75360506772995,0.5270746946334839,0.7552379369735718,2.8251190185546875,2.6533203125,Fixation,1351.813250732422,1074.8826250076295,196.0,6.0,True,10,word,between,5.0
956.0,1347.1109008789062,1076.081829071045,0.531726062297821,0.7558889985084534,0.5262151956558228,0.7472790479660034,2.829330444335937,2.616806030273437,Fixation,1351.813250732422,1074.8826250076295,196.0,6.0,True,10,word,between,5.0
960.0,1345.2183532714844,1071.886854171753,0.5315907001495361,0.7569603323936462,0.5254759192466736,0.7443658709526062,2.82470703125,2.623138427734375,Fixation,1351.813250732422,1074.8826250076295,196.0,6.0,True,10,word,between,5.0
964.0,1350.3814697265625,1079.2669200897217,0.5272172093391418,0.7690463066101074,0.5274927616119385,0.7494909167289734,2.818954467773437,2.63134765625,Fixation,1351.813250732422,1074.8826250076295,196.0,6.0,True,10,word,between,5.0
968.0,1356.5142822265625,1075.8395290374756,0.5326178669929504,0.7591390013694763,0.529888391494751,0.7471107840538025,2.817138671875,2.6381072998046875,Fixation,1351.813250732422,1074.8826250076295,196.0,6.0,True,10,word,between,5.0
972.0,1352.3869323730469,1079.2832279205322,0.5302883982658386,0.7593557834625244,0.5282761454582214,0.7495022416114807,2.8177490234375,2.651519775390625,Fixation,1351.813250732422,1074.8826250076295,196.0,6.0,True,10,word,between,5.0
976.0,1358.602294921875,1063.4423160552979,0.5302583575248718,0.7638461589813232,0.5307040214538574,0.7385016083717346,2.8272247314453125,2.615631103515625,Fixation,1351.813250732422,1074.8826250076295,196.0,6.0,True,10,word,between,5.0
980.0,1350.9420776367188,1081.208667755127,0.5303553938865662,0.7631398439407349,0.5277117490768433,0.750839352607727,2.8202362060546875,2.65374755859375,Fixation,1351.813250732422,1074.8826250076295,196.0,6.0,True,10,word,between,5.0
984.0,1346.8598937988281,1076.535358428955,0.5331820845603943,0.7627969980239868,0.5261171460151672,0.7475939989089966,2.837860107421875,2.64208984375,Fixation,1351.813250732422,1074.8826250076295,196.0,6.0,True,10,word,between,5.0
988.0,1355.9547424316406,1072.6441383361816,0.5286381244659424,0.7619704604148865,0.5296698212623596,0.7448917627334595,2.8386688232421875,2.631942749023437,Fixation,1351.813250732422,1074.8826250076295,196.0,6.0,True,10,word,between,5.0
992.0,1354.7630310058594,1082.975492477417,0.5306911468505859,0.7551171779632568,0.5292043089866638,0.7520663142204285,2.8011016845703125,2.6527557373046875,Fixation,1351.813250732422,1074.8826250076295,196.0,6.0,True,10,word,between,5.0
996.0,1363.5836791992188,1086.1202430725098,0.5304456353187561,0.7624455690383911,0.5326498746871948,0.754250168800354,2.8180084228515625,2.6590118408203125,Fixation,1351.813250732422,1074.8826250076295,196.0,6.0,True,10,word,between,5.0
1000.0,1357.2007751464844,1067.5579833984375,0.5302245020866394,0.7593897581100464,0.5301565527915955,0.7413597106933594,2.828826904296875,2.62603759765625,Fixation,1351.813250732422,1074.8826250076295,196.0,6.0,True,10,word,between,5.0
1004.0,1350.9988403320312,1070.7847881317139,0.5286072492599487,0.7627649903297424,0.5277339220046997,0.7436005473136902,2.83447265625,2.6327362060546875,Fixation,1351.813250732422,1074.8826250076295,196.0,6.0,True,10,word,between,5.0
1008.0,1343.6219787597656,1080.5923175811768,0.5324501395225525,0.7640472650527954,0.5248523354530334,0.750411331653595,2.8303985595703125,2.6475830078125,Fixation,1351.813250732422,1074.8826250076295,196.0,6.0,True,10,word,between,5.0
1012.0,1345.9963989257812,1086.1153507232666,0.5287865400314331,0.7567814588546753,0.5257798433303833,0.7542467713356018,2.818588256835937,2.656723022460937,Fixation,1351.813250732422,1074.8826250076295,196.0,6.0,True,10,word,between,5.0
1016.0,1350.1052856445312,1081.5925884246826,0.5259447693824768,0.7518268823623657,0.527384877204895,0.7511059641838074,2.8345489501953125,2.653060913085937,Fixation,1351.813250732422,1074.8826250076295,196.0,6.0,True,10,word,between,5.0
1020.0,1358.0955505371094,1085.3515434265137,0.5335386395454407,0.7528056502342224,0.5305060744285583,0.7537163496017456,2.820281982421875,2.650619506835937,Fixation,1351.813250732422,1074.8826250076295,196.0,6.0,True,10,word,between,5.0
1024.0,1356.785888671875,1073.2960224151611,0.5329853892326355,0.7505610585212708,0.5299944877624512,0.7453444600105286,2.82879638671875,2.6538238525390625,Fixation,1351.813250732422,1074.8826250076295,196.0,6.0,True,10,word,between,5.0
1028.0,1359.6458435058594,1064.8911380767822,0.5279432535171509,0.7548491358757019,0.5311116576194763,0.7395077347755432,2.8350067138671875,2.6239166259765625,Fixation,1351.813250732422,1074.8826250076295,196.0,6.0,True,10,word,between,5.0
1032.0,1351.01318359375,1078.2181549072266,0.5264394283294678,0.7539321184158325,0.5277395248413086,0.7487626075744629,2.8217315673828125,2.653564453125,Fixation,1351.813250732422,1074.8826250076295,196.0,6.0,True,10,word,between,5.0
1036.0,1361.4128112792969,1089.1252613067627,0.5296550989151001,0.7611922025680542,0.5318018794059753,0.7563369870185852,2.8341522216796875,2.659271240234375,Fixation,1351.813250732422,1074.8826250076295,196.0,6.0,True,10,word,between,5.0
1040.0,1367.3530578613281,1067.8764152526855,0.5337987542152405,0.7632225155830383,0.5341222882270813,0.7415808439254761,2.83197021484375,2.652801513671875,Fixation,1351.813250732422,1074.8826250076295,196.0,6.0,True,10,word,between,5.0
1044.0,1344.7784423828125,1068.8190937042236,0.5295975804328918,0.7606769800186157,0.5253040790557861,0.7422354817390442,2.839706420898437,2.651351928710937,Fixation,1351.813250732422,1074.8826250076295,196.0,6.0,True,10,word,between,5.0
1048.0,1365.0273132324219,1059.640531539917,0.5307145118713379,0.7569614052772522,0.5332137942314148,0.7358614802360535,2.8245849609375,2.6198272705078125,Fixation,1351.813250732422,1074.8826250076295,196.0,6.0,True,10,word,between,5.0
1052.0,1361.1940002441406,1082.021312713623,0.5286808013916016,0.7628706693649292,0.5317164063453674,0.7514036893844604,2.82275390625,2.6644287109375,Fixation,1351.813250732422,1074.8826250076295,196.0,6.0,True,10,word,between,5.0
1056.0,1362.8923034667969,1073.25834274292,0.5292955636978149,0.7552849054336548,0.5323798060417175,0.7453182935714722,2.822509765625,2.65228271484375,Fixation,1351.813250732422,1074.8826250076295,196.0,6.0,True,10,word,between,5.0
1060.0,1355.2877807617188,1063.212890625,0.5292550921440125,0.7550618052482605,0.5294092893600464,0.73834228515625,2.834136962890625,2.6589508056640625,Fixation,1351.813250732422,1074.8826250076295,196.0,6.0,True,10,word,between,5.0
1064.0,1338.0088806152344,1073.6873245239258,0.5301498174667358,0.758939802646637,0.5226597189903259,0.7456161975860596,2.850692749023437,2.6506500244140625,Fixation,1351.813250732422,1074.8826250076295,196.0,6.0,True,10,word,between,5.0
1068.0,1353.2490539550781,1073.065996170044,0.5282015204429626,0.7596451044082642,0.5286129117012024,0.7451847195625305,2.825164794921875,2.6342010498046875,Fixation,1351.813250732422,1074.8826250076295,196.0,6.0,True,10,word,between,5.0
1072.0,1341.43798828125,1075.2902126312256,0.5322088003158569,0.7536252737045288,0.5239992141723633,0.74672931432724,2.82513427734375,2.655731201171875,Fixation,1351.813250732422,1074.8826250076295,196.0,6.0,True,10,word,between,5.0
1076.0,1337.6461791992188,1076.464033126831,0.5296441316604614,0.7548912763595581,0.5225180387496948,0.7475444674491882,2.837615966796875,2.664306640625,Fixation,1351.813250732422,1074.8826250076295,196.0,6.0,True,10,word,between,5.0
1080.0,1347.4711608886719,1076.4700412750244,0.5284600257873535,0.75545734167099,0.5263559222221375,0.7475486397743225,2.835311889648437,2.6651153564453125,Fixation,1351.813250732422,1074.8826250076295,196.0,6.0,True,10,word,between,5.0
1084.0,1350.7453918457031,1073.9354610443115,0.5345456600189209,0.7487389445304871,0.5276349186897278,0.7457885146141052,2.824981689453125,2.6643524169921875,Fixation,1351.813250732422,1074.8826250076295,196.0,6.0,True,10,word,between,5.0
1088.0,1370.3857421875,1072.9181098937988,0.5312018990516663,0.7504534721374512,0.5353069305419922,0.7450820207595825,2.820770263671875,2.6600341796875,Fixation,1351.813250732422,1074.8826250076295,196.0,6.0,True,10,word,between,5.0
1092.0,1357.0391845703125,1070.9594535827637,0.5296011567115784,0.7578438520431519,0.5300934314727783,0.7437218427658081,2.817855834960937,2.65771484375,Fixation,1351.813250732422,1074.8826250076295,196.0,6.0,True,10,word,between,5.0
1096.0,1347.6791381835938,1074.8311042785645,0.5289084911346436,0.7602003812789917,0.5264371633529663,0.7464104890823364,2.840682983398437,2.67303466796875,Fixation,1351.813250732422,1074.8826250076295,196.0,6.0,True,10,word,between,5.0
1100.0,1358.070068359375,1067.099905014038,0.5262576341629028,0.7577003240585327,0.5304961204528809,0.7410416007041931,2.82659912109375,2.647979736328125,Fixation,1351.813250732422,1074.8826250076295,196.0,6.0,True,10,word,between,5.0
1104.0,1338.3331298828125,1081.0527992248535,0.5307691693305969,0.7569401860237122,0.5227863788604736,0.7507311105728149,2.8383331298828125,2.668609619140625,Fixation,1351.813250732422,1074.8826250076295,196.0,6.0,True,10,word,between,5.0
1108.0,1339.3035888671875,1075.6688117980957,0.5327008366584778,0.7515317797660828,0.5231654644012451,0.7469922304153442,2.838729858398437,2.684310913085937,Fixation,1351.813250732422,1074.8826250076295,196.0,6.0,True,10,word,between,5.0
1112.0,1353.6836242675781,1068.7770366668701,0.5259649157524109,0.7541041374206543,0.5287826657295227,0.7422062754631042,2.8288726806640625,2.6595001220703125,Fixation,1351.813250732422,1074.8826250076295,196.0,6.0,True,10,word,between,5.0
1116.0,1330.1199340820312,1070.940227508545,0.5305521488189697,0.7646951079368591,0.5195780992507935,0.7437084913253784,2.8405914306640625,2.6750640869140625,Fixation,1351.813250732422,1074.8826250076295,196.0,6.0,True,10,word,between,5.0
1120.0,1365.2146911621094,1077.1412372589111,0.5321914553642273,0.7661328911781311,0.533286988735199,0.7480147480964661,2.8416290283203125,2.664169311523437,Fixation,1351.813250732422,1074.8826250076295,196.0,6.0,True,10,word,between,5.0
1124.0,1343.2797241210938,1068.268404006958,0.5253103971481323,0.7621542811393738,0.5247186422348022,0.7418530583381653,2.85247802734375,2.6498565673828125,Fixation,1351.813250732422,1074.8826250076295,196.0,6.0,True,10,word,between,5.0
1128.0,1302.4366760253906,1065.8942413330078,0.5040156245231628,0.759105384349823,0.5087643265724182,0.7402043342590332,2.8328857421875,2.670761108398437,Fixation,1351.813250732422,1074.8826250076295,196.0,6.0,True,10,word,between,5.0
1132.0,1255.796127319336,1088.545904159546,0.4974820613861084,0.7613670825958252,0.4905453622341156,0.7559346556663513,2.8466949462890625,2.6886138916015625,Saccade,,,,0.0,False,11,,,
1136.0,1218.6703491210935,1083.7468528747559,0.4831045269966125,0.7517975568771362,0.4760431051254272,0.7526019811630249,2.846160888671875,2.688095092773437,Saccade,,,,0.0,False,11,,,
1140.0,1184.8390960693357,1090.3656005859375,0.4739896357059479,0.744867205619812,0.4628277719020843,0.7571983337402344,2.815658569335937,2.6999969482421875,Saccade,,,,0.0,False,11,,,
1144.0,1170.376205444336,1096.8914794921875,0.4672130048274994,0.7496408820152283,0.4571782052516937,0.7617301940917969,2.8172760009765625,2.684906005859375,Saccade,,,,0.0,False,11,,,
1148.0,1140.8473968505857,1081.3412761688232,0.4539223611354828,0.7421211004257202,0.4456435143947601,0.750931441783905,2.78448486328125,2.6969451904296875,Fixation,1099.4811590094316,1095.246780546088,148.0,7.0,True,12,word,granola,3.0
1152.0,1120.288619995117,1092.4278545379639,0.4482793509960174,0.7411544919013977,0.4376127421855926,0.7586304545402527,2.7797393798828125,2.714340209960937,Fixation,1099.4811590094316,1095.246780546088,148.0,7.0,True,12,word,granola,3.0
1156.0,1116.9553375244138,1092.4683666229248,0.4420580267906189,0.7528375387191772,0.4363106787204742,0.7586585879325867,2.805404663085937,2.6623077392578125,Fixation,1099.4811590094316,1095.246780546088,148.0,7.0,True,12,word,granola,3.0
1160.0,1090.7421875,1099.136209487915,0.4322991371154785,0.7549734115600586,0.4260711669921875,0.7632890343666077,2.8093719482421875,2.7089385986328125,Fixation,1099.4811590094316,1095.246780546088,148.0,7.0,True,12,word,granola,3.0
1164.0,1088.1046295166016,1100.4780006408691,0.4404835700988769,0.7459924817085266,0.4250408709049225,0.7642208337783813,2.7724761962890625,2.697357177734375,Fixation,1099.4811590094316,1095.246780546088,148.0,7.0,True,12,word,granola,3.0
1168.0,1081.1370849609375,1091.6133213043213,0.4313059151172638,0.7478437423706055,0.4223191738128662,0.7580648064613342,2.7739410400390625,2.6962127685546875,Fixation,1099.4811590094316,1095.246780546088,148.0,7.0,True,12,word,granola,3.0
1172.0,1088.1674194335935,1088.7586784362793,0.4426515698432922,0.7467928528785706,0.4250653982162475,0.7560824155807495,2.7791290283203125,2.7014923095703125,Fixation,1099.4811590094316,1095.246780546088,148.0,7.0,True,12,word,granola,3.0
1176.0,1090.4940032958984,1093.8706684112549,0.437326580286026,0.7478060126304626,0.4259742200374603,0.759632408618927,2.7848663330078125,2.71527099609375,Fixation,1099.4811590094316,1095.246780546088,148.0,7.0,True,12,word,granola,3.0
1180.0,1083.7496185302732,1087.4868392944336,0.4414210915565491,0.7539318203926086,0.423339694738388,0.7551991939544678,2.795257568359375,2.694732666015625,Fixation,1099.4811590094316,1095.246780546088,148.0,7.0,True,12,word,granola,3.0
1184.0,1094.7563934326172,1096.8855571746826,0.4338303506374359,0.7512399554252625,0.4276392161846161,0.7617260813713074,2.778305053710937,2.694427490234375,Fixation,1099.4811590094316,1095.246780546088,148.0,7.0,True,12,word,granola,3.0
1188.0,1089.3771362304685,1107.4506282806396,0.4410445988178253,0.748016357421875,0.4255379438400268,0.7690629363059998,2.78582763671875,2.681121826171875,Fixation,1099.4811590094316,1095.246780546088,148.0,7.0,True,12,word,granola,3.0
1192.0,1097.3555755615234,1096.2076663970947,0.4402227103710174,0.7419527769088745,0.4286545217037201,0.7612553238868713,2.7665557861328125,2.7015838623046875,Fixation,1099.4811590094316,1095.246780546088,148.0,7.0,True,12,word,granola,3.0
1196.0,1098.5548400878906,1100.6974697113037,0.4417330324649811,0.7470938563346863,0.4291229844093323,0.764373242855072,2.778427124023437,2.693572998046875,Fixation,1099.4811590094316,1095.246780546088,148.0,7.0,True,12,word,granola,3.0
1200.0,1093.3171081542969,1097.272653579712,0.4374779760837555,0.7428068518638611,0.4270769953727722,0.7619948983192444,2.777435302734375,2.705474853515625,Fixation,1099.4811590094316,1095.246780546088,148.0,7.0,True,12,word,granola,3.0
1204.0,1106.6635131835938,1100.443754196167,0.4408029019832611,0.7509207129478455,0.4322904348373413,0.764197051525116,2.786041259765625,2.7086181640625,Fixation,1099.4811590094316,1095.246780546088,148.0,7.0,True,12,word,granola,3.0
1208.0,1095.5523681640625,1095.4805088043213,0.44268998503685,0.7564806342124939,0.4279501438140869,0.7607503533363342,2.8042449951171875,2.685897827148437,Fixation,1099.4811590094316,1095.246780546088,148.0,7.0,True,12,word,granola,3.0
1212.0,1104.2781066894531,1099.240493774414,0.4418795108795166,0.741455078125,0.4313586354255676,0.7633614540100098,2.7752685546875,2.7064361572265625,Fixation,1099.4811590094316,1095.246780546088,148.0,7.0,True,12,word,granola,3.0
1216.0,1089.1867828369138,1088.6427211761475,0.4396431446075439,0.7566282749176025,0.4254635870456695,0.756001889705658,2.802703857421875,2.6724853515625,Fixation,1099.4811590094316,1095.246780546088,148.0,7.0,True,12,word,granola,3.0
1220.0,1101.464920043945,1097.5903129577637,0.4372589886188507,0.7615873217582703,0.4302597343921661,0.7622154951095581,2.7864532470703125,2.675506591796875,Fixation,1099.4811590094316,1095.246780546088,148.0,7.0,True,12,word,granola,3.0
1224.0,1098.147735595703,1097.989854812622,0.4447447657585144,0.7494972348213196,0.4289639592170715,0.7624929547309875,2.7881317138671875,2.68341064453125,Fixation,1099.4811590094316,1095.246780546088,148.0,7.0,True,12,word,granola,3.0
1228.0,1090.5038452148435,1091.6486835479736,0.4430007636547088,0.7562342286109924,0.4259780645370483,0.7580893635749817,2.780502319335937,2.6908111572265625,Fixation,1099.4811590094316,1095.246780546088,148.0,7.0,True,12,word,granola,3.0
1232.0,1102.583312988281,1100.8679294586182,0.4412259757518768,0.7405737638473511,0.4306966066360473,0.764491617679596,2.792449951171875,2.6908721923828125,Fixation,1099.4811590094316,1095.246780546088,148.0,7.0,True,12,word,granola,3.0
1236.0,1106.911163330078,1106.3609218597412,0.4418090581893921,0.769199550151825,0.4323871731758117,0.7683061957359314,2.8367462158203125,2.687164306640625,Fixation,1099.4811590094316,1095.246780546088,148.0,7.0,True,12,word,granola,3.0
1240.0,1105.1963806152344,1101.402997970581,0.4387071430683136,0.7489040493965149,0.4317173361778259,0.7648631930351257,2.780792236328125,2.691925048828125,Fixation,1099.4811590094316,1095.246780546088,148.0,7.0,True,12,word,granola,3.0
1244.0,1116.0647583007812,1089.7598934173584,0.4429467022418976,0.7492218613624573,0.4359627962112427,0.7567777037620544,2.7857818603515625,2.674789428710937,Fixation,1099.4811590094316,1095.246780546088,148.0,7.0,True,12,word,granola,3.0
1248.0,1102.5060272216795,1093.3936214447021,0.4411466121673584,0.7486545443534851,0.4306664168834686,0.7593011260032654,2.795150756835937,2.676376342773437,Fixation,1099.4811590094316,1095.246780546088,148.0,7.0,True,12,word,granola,3.0
1252.0,1096.49169921875,1097.3311042785645,0.4431982338428497,0.7435088753700256,0.4283170700073242,0.7620354890823364,2.7809600830078125,2.6954498291015625,Fixation,1099.4811590094316,1095.246780546088,148.0,7.0,True,12,word,granola,3.0
1256.0,1107.6503753662107,1089.9643421173096,0.4427780508995056,0.7420073747634888,0.4326759278774261,0.7569196820259094,2.7837371826171875,2.6794891357421875,Fixation,1099.4811590094316,1095.246780546088,148.0,7.0,True,12,word,granola,3.0
1260.0,1103.2765197753904,1103.1963443756104,0.4367534816265106,0.7473177313804626,0.4309673905372619,0.7661085724830627,2.78033447265625,2.693344116210937,Fixation,1099.4811590094316,1095.246780546088,148.0,7.0,True,12,word,granola,3.0
1264.0,1114.608154296875,1100.220079421997,0.4375765323638916,0.7440167665481567,0.4353938102722168,0.7640417218208313,2.776596069335937,2.6959228515625,Fixation,1099.4811590094316,1095.246780546088,148.0,7.0,True,12,word,granola,3.0
1268.0,1111.6788482666013,1094.643144607544,0.4392451345920563,0.7521374225616455,0.4342495501041412,0.7601688504219055,2.808349609375,2.6887664794921875,Fixation,1099.4811590094316,1095.246780546088,148.0,7.0,True,12,word,granola,3.0
1272.0,1104.3162536621094,1096.078405380249,0.4410845637321472,0.7478774785995483,0.4313735365867615,0.7611655592918396,2.7640380859375,2.6987457275390625,Fixation,1099.4811590094316,1095.246780546088,148.0,7.0,True,12,word,granola,3.0
1276.0,1099.47639465332,1092.1837520599365,0.4382230937480926,0.7567853331565857,0.4294829666614532,0.7584609389305115,2.810516357421875,2.686492919921875,Fixation,1099.4811590094316,1095.246780546088,148.0,7.0,True,12,word,granola,3.0
1280.0,1097.6226806640625,1089.3589782714844,0.4352529048919678,0.7514468431472778,0.4287588596343994,0.7564992904663086,2.795928955078125,2.683074951171875,Fixation,1099.4811590094316,1095.246780546088,148.0,7.0,True,12,word,granola,3.0
1284.0,1086.2725830078123,1083.0088806152344,0.4362791180610657,0.7431506514549255,0.4243252277374267,0.7520895004272461,2.762069702148437,2.67529296875,Fixation,1099.4811590094316,1095.246780546088,148.0,7.0,True,12,word,granola,3.0
1288.0,1101.7731475830078,1088.7304401397705,0.4404394328594208,0.7575939297676086,0.4303801357746124,0.7560628056526184,2.770416259765625,2.6864776611328125,Fixation,1099.4811590094316,1095.246780546088,148.0,7.0,True,12,word,granola,3.0
1292.0,1096.5360260009763,1090.0989246368408,0.426917165517807,0.7640969753265381,0.4283343851566314,0.7570131421089172,2.787506103515625,2.693603515625,Fixation,1099.4811590094316,1095.246780546088,148.0,7.0,True,12,word,granola,3.0
1296.0,1067.675094604492,1105.6463813781738,0.4170837104320526,0.7683595418930054,0.4170605838298797,0.7678099870681763,2.8087310791015625,2.681549072265625,Fixation,1099.4811590094316,1095.246780546088,148.0,7.0,True,12,word,granola,3.0
1300.0,1023.868408203125,1100.4564571380615,0.4063231945037842,0.756963312625885,0.3999485969543457,0.7642058730125427,2.776107788085937,2.69830322265625,Saccade,,,,0.0,False,13,,,
1304.0,967.7925872802734,1109.89577293396,0.3907554447650909,0.7623371481895447,0.3780439794063568,0.7707609534263611,2.7536163330078125,2.669677734375,Saccade,,,,0.0,False,13,,,
1308.0,965.7748413085936,1099.3272686004639,0.3946242332458496,0.7599144577980042,0.3772557973861694,0.7634217143058777,2.7742156982421875,2.6723785400390625,Saccade,,,,0.0,False,13,,,
1312.0,947.7444458007812,1091.8502140045166,0.3870437145233154,0.7630780935287476,0.3702126741409302,0.7582293152809143,2.7614288330078125,2.681137084960937,Saccade,,,,0.0,False,13,,,
1316.0,945.4331970214843,1087.9358196258545,0.3809030950069427,0.7649263143539429,0.3693098425865173,0.7555109858512878,2.7899932861328125,2.6746826171875,Saccade,,,,0.0,False,13,,,
1320.0,932.6428222656249,1090.5329704284668,0.3766027092933655,0.7742367386817932,0.3643136024475097,0.7573145627975464,2.777099609375,2.667510986328125,Saccade,,,,0.0,False,13,,,
1324.0,938.9179992675781,1094.6963596343994,0.3772766590118408,0.7708954811096191,0.3667648434638977,0.7602058053016663,2.7646484375,2.662841796875,Saccade,,,,0.0,False,13,,,
1328.0,921.8428039550781,1099.2032432556152,0.3797999620437622,0.763494610786438,0.3600948452949524,0.7633355855941772,2.7749481201171875,2.66162109375,Saccade,,,,0.0,False,13,,,
1332.0,932.7059173583984,1094.2954444885254,0.3760183751583099,0.7672123312950134,0.3643382489681244,0.7599273920059204,2.7736358642578125,2.66180419921875,Saccade,,,,0.0,False,13,,,
1336.0,959.2412567138671,1091.4961624145508,0.3802729547023773,0.7641389966011047,0.3747036159038543,0.7579834461212158,2.789703369140625,2.6888885498046875,Saccade,,,,0.0,False,13,,,
1340.0,923.3492279052733,1083.9899253845215,0.3823161423206329,0.7621551752090454,0.3606832921504974,0.7527707815170288,2.7742462158203125,2.665802001953125,Fixation,939.415731857072,1097.7504614929655,264.0,8.0,True,14,word,and,2.0
1344.0,947.7970886230469,1091.497449874878,0.3806926310062408,0.7645386457443237,0.3702332377433777,0.7579843401908875,2.7693023681640625,2.6835174560546875,Fixation,939.415731857072,1097.7504614929655,264.0,8.0,True,14,word,and,2.0
1348.0,925.8554840087891,1092.8829288482666,0.3786644637584686,0.7557147145271301,0.3616622984409332,0.7589464783668518,2.779296875,2.665374755859375,Fixation,939.415731857072,1097.7504614929655,264.0,8.0,True,14,word,and,2.0
1352.0,936.2147521972656,1080.1025676727295,0.3796218037605285,0.752286970615387,0.3657088875770569,0.7500712275505066,2.748748779296875,2.661361694335937,Fixation,939.415731857072,1097.7504614929655,264.0,8.0,True,14,word,and,2.0
1356.0,926.3412475585938,1098.7619876861572,0.3788160383701324,0.7598312497138977,0.3618520498275757,0.763029158115387,2.79071044921875,2.66534423828125,Fixation,939.415731857072,1097.7504614929655,264.0,8.0,True,14,word,and,2.0
1360.0,934.3478393554688,1099.9908256530762,0.3798562884330749,0.7621895670890808,0.36497962474823,0.7638825178146362,2.770233154296875,2.6685028076171875,Fixation,939.415731857072,1097.7504614929655,264.0,8.0,True,14,word,and,2.0
1364.0,920.3749084472655,1096.6217994689941,0.3810562193393707,0.7589359283447266,0.3595214486122131,0.7615429162979126,2.765045166015625,2.6632843017578125,Fixation,939.415731857072,1097.7504614929655,264.0,8.0,True,14,word,and,2.0
1368.0,928.4224700927734,1090.9229850769043,0.3777595162391662,0.7624136805534363,0.3626650273799896,0.7575854063034058,2.7752838134765625,2.6720428466796875,Fixation,939.415731857072,1097.7504614929655,264.0,8.0,True,14,word,and,2.0
1372.0,934.5468139648438,1096.726427078247,0.3814367949962616,0.7619906663894653,0.3650573492050171,0.7616155743598938,2.7663116455078125,2.670684814453125,Fixation,939.415731857072,1097.7504614929655,264.0,8.0,True,14,word,and,2.0
1376.0,930.2965545654296,1092.7582168579102,0.376696765422821,0.7624325752258301,0.3633970916271209,0.7588598728179932,2.7585601806640625,2.662582397460937,Fixation,939.415731857072,1097.7504614929655,264.0,8.0,True,14,word,and,2.0
1380.0,938.6508178710938,1099.9348640441895,0.3796482980251312,0.7654933929443359,0.366660475730896,0.7638436555862427,2.7736968994140625,2.667831420898437,Fixation,939.415731857072,1097.7504614929655,264.0,8.0,True,14,word,and,2.0
1384.0,940.4924774169922,1113.660306930542,0.3814877271652221,0.7639305591583252,0.3673798739910126,0.7733752131462097,2.77099609375,2.6781768798828125,Fixation,939.415731857072,1097.7504614929655,264.0,8.0,True,14,word,and,2.0
1388.0,930.5886077880858,1103.9153480529785,0.3757781088352203,0.7610700726509094,0.363511174917221,0.7666078805923462,2.7618865966796875,2.6622772216796875,Fixation,939.415731857072,1097.7504614929655,264.0,8.0,True,14,word,and,2.0
1392.0,949.2533874511719,1105.9377765655518,0.3766833841800689,0.7563428282737732,0.370802104473114,0.7680123448371887,2.7491912841796875,2.69384765625,Fixation,939.415731857072,1097.7504614929655,264.0,8.0,True,14,word,and,2.0
1396.0,943.5736083984374,1094.1312503814697,0.3729870617389679,0.7637800574302673,0.3685834407806396,0.7598133683204651,2.7559356689453125,2.672103881835937,Fixation,939.415731857072,1097.7504614929655,264.0,8.0,True,14,word,and,2.0
1400.0,924.8265838623046,1097.201328277588,0.3764668405056,0.7534738779067993,0.3612603843212127,0.761945366859436,2.7527618408203125,2.651092529296875,Fixation,939.415731857072,1097.7504614929655,264.0,8.0,True,14,word,and,2.0
1404.0,931.2314605712891,1093.0400848388672,0.376097172498703,0.7677876949310303,0.3637622892856598,0.7590556144714355,2.7628326416015625,2.664276123046875,Fixation,939.415731857072,1097.7504614929655,264.0,8.0,True,14,word,and,2.0
1408.0,933.7495422363281,1095.083885192871,0.3745809197425842,0.7625492811203003,0.3647459149360657,0.7604749202728271,2.769927978515625,2.6586151123046875,Fixation,939.415731857072,1097.7504614929655,264.0,8.0,True,14,word,and,2.0
1412.0,935.1393127441405,1087.373971939087,0.3813193738460541,0.7659294009208679,0.3652887940406799,0.7551208138465881,2.770980834960937,2.652130126953125,Fixation,939.415731857072,1097.7504614929655,264.0,8.0,True,14,word,and,2.0
1416.0,939.3337249755858,1090.5207824707031,0.3822357952594757,0.7663267254829407,0.3669272363185882,0.7573060989379883,2.7578125,2.6641082763671875,Fixation,939.415731857072,1097.7504614929655,264.0,8.0,True,14,word,and,2.0
1420.0,928.2158660888671,1104.2770385742188,0.3793488442897796,0.7597634792327881,0.3625843226909637,0.7668590545654297,2.7710418701171875,2.66485595703125,Fixation,939.415731857072,1097.7504614929655,264.0,8.0,True,14,word,and,2.0
1424.0,945.6884002685547,1093.9424228668213,0.3797175884246826,0.7628117799758911,0.3694095313549042,0.7596822381019592,2.7721099853515625,2.6728973388671875,Fixation,939.415731857072,1097.7504614929655,264.0,8.0,True,14,word,and,2.0
1428.0,938.9598846435546,1095.0963306427002,0.3814389407634735,0.7573904991149902,0.3667812049388885,0.7604835629463196,2.7808074951171875,2.647445678710937,Fixation,939.415731857072,1097.7504614929655,264.0,8.0,True,14,word,and,2.0
1432.0,935.6041717529296,1102.7771472930908,0.3791662752628326,0.7569023370742798,0.3654703795909881,0.7658174633979797,2.7647705078125,2.6568756103515625,Fixation,939.415731857072,1097.7504614929655,264.0,8.0,True,14,word,and,2.0
1436.0,939.6669006347656,1092.0379257202148,0.379574179649353,0.7580229640007019,0.3670573830604553,0.7583596706390381,2.780380249023437,2.651718139648437,Fixation,939.415731857072,1097.7504614929655,264.0,8.0,True,14,word,and,2.0
1440.0,928.9645385742188,1097.039451599121,0.3837914764881134,0.7534032464027405,0.3628767728805542,0.7618329524993896,2.761260986328125,2.650299072265625,Fixation,939.415731857072,1097.7504614929655,264.0,8.0,True,14,word,and,2.0
1444.0,943.6102294921874,1101.9313716888428,0.3792794942855835,0.7466868162155151,0.3685977458953857,0.765230119228363,2.771240234375,2.6646728515625,Fixation,939.415731857072,1097.7504614929655,264.0,8.0,True,14,word,and,2.0
1448.0,934.0045166015624,1100.7324886322021,0.3814638257026672,0.7490023374557495,0.3648455142974853,0.7643975615501404,2.76849365234375,2.6573028564453125,Fixation,939.415731857072,1097.7504614929655,264.0,8.0,True,14,word,and,2.0
1452.0,930.5356597900391,1098.6880016326904,0.3774099051952362,0.7545886635780334,0.363490492105484,0.7629777789115906,2.759002685546875,2.66094970703125,Fixation,939.415731857072,1097.7504614929655,264.0,8.0,True,14,word,and,2.0
1456.0,937.8334808349609,1097.4894618988037,0.3828800320625305,0.7559680342674255,0.3663412034511566,0.762145459651947,2.758575439453125,2.6571197509765625,Fixation,939.415731857072,1097.7504614929655,264.0,8.0,True,14,word,and,2.0
1460.0,939.3877410888671,1105.5465602874756,0.3842690289020538,0.756743848323822,0.3669483363628387,0.7677406668663025,2.762451171875,2.667633056640625,Fixation,939.415731857072,1097.7504614929655,264.0,8.0,True,14,word,and,2.0
1464.0,927.9613494873047,1104.6395015716553,0.3808421790599823,0.7614017128944397,0.3624849021434784,0.7671107649803162,2.76934814453125,2.661773681640625,Fixation,939.415731857072,1097.7504614929655,264.0,8.0,True,14,word,and,2.0
1468.0,945.7382965087891,1107.5343990325928,0.3802969455718994,0.7630562782287598,0.3694290220737457,0.7691211104393005,2.7717742919921875,2.677108764648437,Fixation,939.415731857072,1097.7504614929655,264.0,8.0,True,14,word,and,2.0
1472.0,934.5883941650391,1094.2252349853516,0.3823524415493011,0.7637608051300049,0.3650735914707184,0.7598786354064941,2.7884979248046875,2.651336669921875,Fixation,939.415731857072,1097.7504614929655,264.0,8.0,True,14,word,and,2.0
1476.0,936.6766357421875,1117.0769691467285,0.3823816478252411,0.7561264038085938,0.365889310836792,0.7757478952407837,2.781829833984375,2.668060302734375,Fixation,939.415731857072,1097.7504614929655,264.0,8.0,True,14,word,and,2.0
1480.0,940.4061126708984,1108.8734436035156,0.3774811625480652,0.7685249447822571,0.3673461377620697,0.7700510025024414,2.775375366210937,2.6719207763671875,Fixation,939.415731857072,1097.7504614929655,264.0,8.0,True,14,word,and,2.0
1484.0,946.7483520507812,1094.8801231384277,0.3795384168624878,0.7642888426780701,0.3698235750198364,0.7603334188461304,2.7716064453125,2.6829986572265625,Fixation,939.415731857072,1097.7504614929655,264.0,8.0,True,14,word,and,2.0
1488.0,933.2643127441405,1097.2633838653564,0.3789159953594208,0.7691230177879333,0.3645563721656799,0.7619884610176086,2.7692413330078125,2.6814727783203125,Fixation,939.415731857072,1097.7504614929655,264.0,8.0,True,14,word,and,2.0
1492.0,928.5945892333983,1092.8455066680908,0.3807295858860016,0.7625444531440735,0.3627322614192962,0.7589204907417297,2.776275634765625,2.6660614013671875,Fixation,939.415731857072,1097.7504614929655,264.0,8.0,True,14,word,and,2.0
1496.0,932.9373168945311,1085.8005237579346,0.3822414577007293,0.762350857257843,0.3644286394119262,0.7540281414985657,2.785797119140625,2.672698974609375,Fixation,939.415731857072,1097.7504614929655,264.0,8.0,True,14,word,and,2.0
1500.0,942.7433776855468,1094.3158721923828,0.3766393065452575,0.7674057483673096,0.3682591319084167,0.759941577911377,2.806732177734375,2.6910552978515625,Fixation,939.415731857072,1097.7504614929655,264.0,8.0,True,14,word,and,2.0
1504.0,939.9398803710938,1101.601266860962,0.3825491368770599,0.7560114860534668,0.3671640157699585,0.7650008797645569,2.77392578125,2.678619384765625,Fixation,939.415731857072,1097.7504614929655,264.0,8.0,True,14,word,and,2.0
1508.0,939.6109008789061,1089.1199398040771,0.3810596168041229,0.7550445795059204,0.3670355081558227,0.7563332915306091,2.789413452148437,2.6676788330078125,Fixation,939.415731857072,1097.7504614929655,264.0,8.0,True,14,word,and,2.0
1512.0,918.5193634033203,1088.1463623046875,0.3802679479122162,0.7567465305328369,0.358796626329422,0.7556571960449219,2.7950439453125,2.6573638916015625,Fixation,939.415731857072,1097.7504614929655,264.0,8.0,True,14,word,and,2.0
1516.0,936.2245178222656,1093.6243343353271,0.3790794610977173,0.752217173576355,0.3657127022743225,0.7594613432884216,2.76690673828125,2.67230224609375,Fixation,939.415731857072,1097.7504614929655,264.0,8.0,True,14,word,and,2.0
1520.0,944.7419738769531,1092.6020908355713,0.3821370303630829,0.7548992037773132,0.3690398335456848,0.7587514519691467,2.785003662109375,2.677352905273437,Fixation,939.415731857072,1097.7504614929655,264.0,8.0,True,14,word,and,2.0
1524.0,935.5490112304686,1085.6788158416748,0.3821117877960205,0.7541723251342773,0.3654488325119018,0.7539436221122742,2.790283203125,2.666748046875,Fixation,939.415731857072,1097.7504614929655,264.0,8.0,True,14,word,and,2.0
1528.0,932.9278564453125,1095.3746795654297,0.3831951916217804,0.7543415427207947,0.3644249439239502,0.7606768608093262,2.8024139404296875,2.67657470703125,Fixation,939.415731857072,1097.7504614929655,264.0,8.0,True,14,word,and,2.0
1532.0,942.6619720458984,1085.5471515655518,0.3835086822509765,0.7545620799064636,0.3682273328304291,0.7538521885871887,2.815536499023437,2.682846069335937,Fixation,939.415731857072,1097.7504614929655,264.0,8.0,True,14,word,and,2.0
1536.0,934.1157531738281,1093.4781646728516,0.3816692531108856,0.751962423324585,0.3648889660835266,0.7593598365783691,2.792724609375,2.682159423828125,Fixation,939.415731857072,1097.7504614929655,264.0,8.0,True,14,word,and,2.0
1540.0,946.3909912109374,1097.426118850708,0.383157879114151,0.7472058534622192,0.3696839809417724,0.7621014714241028,2.795562744140625,2.688507080078125,Fixation,939.415731857072,1097.7504614929655,264.0,8.0,True,14,word,and,2.0
1544.0,950.9761047363281,1103.5295391082764,0.3820118010044098,0.7534040212631226,0.3714750409126282,0.7663399577140808,2.79583740234375,2.673583984375,Fixation,939.415731857072,1097.7504614929655,264.0,8.0,True,14,word,and,2.0
1548.0,937.2471618652344,1100.9677505493164,0.3853784799575805,0.7454274892807007,0.3661121726036072,0.7645609378814697,2.7916259765625,2.685546875,Fixation,939.415731857072,1097.7504614929655,264.0,8.0,True,14,word,and,2.0
1552.0,946.3107299804688,1104.1692352294922,0.3839171528816223,0.7473739981651306,0.3696526288986206,0.7667841911315918,2.79010009765625,2.6992340087890625,Fixation,939.415731857072,1097.7504614929655,264.0,8.0,True,14,word,and,2.0
1556.0,941.1807250976562,1095.0698947906494,0.3846807777881622,0.7459766864776611,0.367648720741272,0.7604652047157288,2.7920074462890625,2.6828155517578125,Fixation,939.415731857072,1097.7504614929655,264.0,8.0,True,14,word,and,2.0
1560.0,956.6539764404296,1102.8657245635986,0.3828685581684112,0.7408968806266785,0.3736929595470428,0.7658789753913879,2.790283203125,2.70233154296875,Fixation,939.415731857072,1097.7504614929655,264.0,8.0,True,14,word,and,2.0
1564.0,951.3353729248046,1096.1035537719727,0.38588947057724,0.7484652400016785,0.3716153800487518,0.7611830234527588,2.797714233398437,2.6912994384765625,Fixation,939.415731857072,1097.7504614929655,264.0,8.0,True,14,word,and,2.0
1568.0,944.994659423828,1117.8707313537598,0.3822383880615234,0.7495735287666321,0.3691385388374328,0.7762991189956665,2.7937469482421875,2.7027587890625,Fixation,939.415731857072,1097.7504614929655,264.0,8.0,True,14,word,and,2.0
1572.0,955.5652618408202,1105.1443576812744,0.3855379819869995,0.7498846650123596,0.3732676804065704,0.767461359500885,2.793701171875,2.6958160400390625,Fixation,939.415731857072,1097.7504614929655,264.0,8.0,True,14,word,and,2.0
1576.0,944.6588134765625,1106.012191772461,0.3822714984416961,0.7542194724082947,0.3690073490142822,0.768064022064209,2.7918853759765625,2.704940795898437,Fixation,939.415731857072,1097.7504614929655,264.0,8.0,True,14,word,and,2.0
1580.0,955.9026336669922,1106.8607997894287,0.3843377232551574,0.7511639595031738,0.3733994662761688,0.7686533331871033,2.8232421875,2.703125,Fixation,939.415731857072,1097.7504614929655,264.0,8.0,True,14,word,and,2.0
1584.0,951.6951751708984,1101.886739730835,0.3844100832939148,0.747988224029541,0.3717559278011322,0.7651991248130798,2.8011932373046875,2.6995391845703125,Fixation,939.415731857072,1097.7504614929655,264.0,8.0,True,14,word,and,2.0
1588.0,952.6953887939453,1092.042989730835,0.3867111206054687,0.7563756108283997,0.3721466362476349,0.7583631873130798,2.806396484375,2.6971588134765625,Fixation,939.415731857072,1097.7504614929655,264.0,8.0,True,14,word,and,2.0
1592.0,950.9066009521484,1103.7825679779053,0.3855786621570587,0.7506542801856995,0.371447890996933,0.7665156722068787,2.8108062744140625,2.71728515625,Fixation,939.415731857072,1097.7504614929655,264.0,8.0,True,14,word,and,2.0
1596.0,948.7042236328125,1098.7092018127441,0.3854018449783325,0.7573477625846863,0.3705875873565674,0.7629925012588501,2.8038482666015625,2.701278686523437,Fixation,939.415731857072,1097.7504614929655,264.0,8.0,True,14,word,and,2.0
1600.0,965.4757690429686,1091.2458801269531,0.3876872062683105,0.7537782192230225,0.3771389722824096,0.7578096389770508,2.815048217773437,2.7022247314453125,Fixation,939.415731857072,1097.7504614929655,264.0,8.0,True,14,word,and,2.0
1604.0,969.3531799316406,1108.3529663085938,0.3961436450481415,0.7430376410484314,0.3786535859107971,0.7696895599365234,2.8116455078125,2.690780639648437,Fixation,939.415731857072,1097.7504614929655,264.0,8.0,True,14,word,and,2.0
1608.0,1005.9827423095703,1113.5464096069336,0.4069562554359436,0.7543057203292847,0.3929620087146759,0.7732961177825928,2.8040008544921875,2.713104248046875,Fixation,1044.5976363780887,1101.7356857033662,168.0,9.0,True,15,word,granola,3.0
1612.0,1038.1591796875,1097.277717590332,0.4172522723674774,0.7565737366676331,0.4055309295654297,0.7619984149932861,2.826202392578125,2.7127227783203125,Fixation,1044.5976363780887,1101.7356857033662,168.0,9.0,True,15,word,granola,3.0
1616.0,1059.8017120361328,1104.5453453063965,0.4165460765361786,0.7576821446418762,0.4139850437641144,0.7670453786849976,2.80548095703125,2.7353057861328125,Fixation,1044.5976363780887,1101.7356857033662,168.0,9.0,True,15,word,granola,3.0
1620.0,1038.4870910644531,1095.935926437378,0.4165394902229309,0.759903609752655,0.405659019947052,0.7610666155815125,2.833847045898437,2.719635009765625,Fixation,1044.5976363780887,1101.7356857033662,168.0,9.0,True,15,word,granola,3.0
1624.0,1032.793960571289,1103.0247688293457,0.4154507517814636,0.7579696774482727,0.4034351408481598,0.7659894227981567,2.8223419189453125,2.733123779296875,Fixation,1044.5976363780887,1101.7356857033662,168.0,9.0,True,15,word,granola,3.0
1628.0,1031.2621307373045,1096.3122081756592,0.4199209809303283,0.7647589445114136,0.4028367698192596,0.7613279223442078,2.838241577148437,2.707550048828125,Fixation,1044.5976363780887,1101.7356857033662,168.0,9.0,True,15,word,granola,3.0
1632.0,1046.1447906494138,1107.8621006011963,0.4167940020561218,0.7555822730064392,0.4086503088474273,0.769348680973053,2.84857177734375,2.721038818359375,Fixation,1044.5976363780887,1101.7356857033662,168.0,9.0,True,15,word,granola,3.0
1636.0,1050.4843139648438,1100.264539718628,0.410657525062561,0.7709128260612488,0.4103454351425171,0.764072597026825,2.842636108398437,2.727645874023437,Fixation,1044.5976363780887,1101.7356857033662,168.0,9.0,True,15,word,granola,3.0
1640.0,1052.9339599609375,1100.277328491211,0.4176056087017059,0.762312650680542,0.4113023281097412,0.7640814781188965,2.821685791015625,2.7165679931640625,Fixation,1044.5976363780887,1101.7356857033662,168.0,9.0,True,15,word,granola,3.0
1644.0,1046.9662475585938,1109.5339965820312,0.4147384166717529,0.7601855993270874,0.4089711904525757,0.7705097198486328,2.809783935546875,2.726409912109375,Fixation,1044.5976363780887,1101.7356857033662,168.0,9.0,True,15,word,granola,3.0
1648.0,1055.1721191406248,1117.662935256958,0.418129026889801,0.76718670129776,0.4121766090393066,0.7761548161506653,2.8312530517578125,2.716659545898437,Fixation,1044.5976363780887,1101.7356857033662,168.0,9.0,True,15,word,granola,3.0
1652.0,1044.7924804687498,1103.7671184539795,0.4161716401576996,0.7745488286018372,0.4081220626831054,0.7665049433708191,2.8447418212890625,2.72320556640625,Fixation,1044.5976363780887,1101.7356857033662,168.0,9.0,True,15,word,granola,3.0
1656.0,1053.2145690917966,1112.7661228179932,0.4239362180233001,0.775260865688324,0.4114119410514831,0.7727542519569397,2.8358917236328125,2.7378387451171875,Fixation,1044.5976363780887,1101.7356857033662,168.0,9.0,True,15,word,granola,3.0
1660.0,1058.691635131836,1101.7739582061768,0.4234172999858856,0.7561681866645813,0.4135514199733734,0.765120804309845,2.843109130859375,2.7342681884765625,Fixation,1044.5976363780887,1101.7356857033662,168.0,9.0,True,15,word,granola,3.0
1664.0,1047.3781585693357,1102.9661464691162,0.4202417731285095,0.7609339952468872,0.4091320931911468,0.7659487128257751,2.82293701171875,2.7127227783203125,Fixation,1044.5976363780887,1101.7356857033662,168.0,9.0,True,15,word,granola,3.0
1668.0,1054.2694091796873,1114.9763488769531,0.4201715886592865,0.7437738180160522,0.4118239879608154,0.7742891311645508,2.8140869140625,2.7375030517578125,Fixation,1044.5976363780887,1101.7356857033662,168.0,9.0,True,15,word,granola,3.0
1672.0,1041.1447906494138,1108.2800960540771,0.4173145294189453,0.7570095062255859,0.4066971838474273,0.7696389555931091,2.822250366210937,2.7323760986328125,Fixation,1044.5976363780887,1101.7356857033662,168.0,9.0,True,15,word,granola,3.0
1676.0,1057.2181701660154,1102.7737140655518,0.4218572080135345,0.7584666013717651,0.4129758477210998,0.7658150792121887,2.832672119140625,2.7350006103515625,Fixation,1044.5976363780887,1101.7356857033662,168.0,9.0,True,15,word,granola,3.0
1680.0,1051.8575286865234,1102.94340133667,0.4230440258979797,0.7540290951728821,0.4108818471431732,0.7659329175949097,2.818817138671875,2.7295074462890625,Fixation,1044.5976363780887,1101.7356857033662,168.0,9.0,True,15,word,granola,3.0
1684.0,1046.6084289550781,1101.500072479248,0.4240162074565887,0.7481832504272461,0.4088314175605774,0.7649306058883667,2.8017120361328125,2.7286529541015625,Fixation,1044.5976363780887,1101.7356857033662,168.0,9.0,True,15,word,granola,3.0
1688.0,1033.6321258544922,1094.5894145965576,0.4164874255657196,0.7456680536270142,0.403762549161911,0.7601315379142761,2.8137664794921875,2.713958740234375,Fixation,1044.5976363780887,1101.7356857033662,168.0,9.0,True,15,word,granola,3.0
1692.0,1042.7427673339841,1098.299446105957,0.4187942445278168,0.7598255276679993,0.4073213934898376,0.7627079486846924,2.83087158203125,2.7232208251953125,Fixation,1044.5976363780887,1101.7356857033662,168.0,9.0,True,15,word,granola,3.0
1696.0,1060.7179260253906,1097.1999549865723,0.412437379360199,0.7597566246986389,0.4143429398536682,0.7619444131851196,2.82977294921875,2.7416229248046875,Fixation,1044.5976363780887,1101.7356857033662,168.0,9.0,True,15,word,granola,3.0
1700.0,1050.291976928711,1094.7597026824951,0.4203633666038513,0.7575998306274414,0.4102703034877777,0.7602497935295105,2.840545654296875,2.7306671142578125,Fixation,1044.5976363780887,1101.7356857033662,168.0,9.0,True,15,word,granola,3.0
1704.0,1059.834747314453,1103.6336517333984,0.4142301082611084,0.7605435848236084,0.4139979481697082,0.7664122581481934,2.846786499023437,2.7534637451171875,Fixation,1044.5976363780887,1101.7356857033662,168.0,9.0,True,15,word,granola,3.0
1708.0,1049.6089172363281,1097.3264694213867,0.4156177937984466,0.7511895895004272,0.4100034832954407,0.7620322704315186,2.8188018798828125,2.725677490234375,Fixation,1044.5976363780887,1101.7356857033662,168.0,9.0,True,15,word,granola,3.0
1712.0,1050.9999084472654,1106.4706134796143,0.41720050573349,0.7629740238189697,0.4105468392372131,0.7683823704719543,2.84246826171875,2.74609375,Fixation,1044.5976363780887,1101.7356857033662,168.0,9.0,True,15,word,granola,3.0
1716.0,1047.3828125,1098.5761642456055,0.4154828190803528,0.7591356039047241,0.4091339111328125,0.7629001140594482,2.8380584716796875,2.7514801025390625,Fixation,1044.5976363780887,1101.7356857033662,168.0,9.0,True,15,word,granola,3.0
1720.0,1046.3410186767578,1100.6608200073242,0.4187509715557098,0.762916624546051,0.4087269604206085,0.7643477916717529,2.839828491210937,2.734283447265625,Fixation,1044.5976363780887,1101.7356857033662,168.0,9.0,True,15,word,granola,3.0
1724.0,1057.7436828613281,1093.0448913574219,0.4181093871593475,0.7631455063819885,0.4131811261177063,0.759058952331543,2.831573486328125,2.755523681640625,Fixation,1044.5976363780887,1101.7356857033662,168.0,9.0,True,15,word,granola,3.0
1728.0,1040.8499145507812,1101.2575149536133,0.4176779687404632,0.7666438817977905,0.4065819978713989,0.7647621631622314,2.829452514648437,2.7473907470703125,Fixation,1044.5976363780887,1101.7356857033662,168.0,9.0,True,15,word,granola,3.0
1732.0,1041.4881134033203,1092.046422958374,0.4103499054908752,0.7672629952430725,0.406831294298172,0.7583655714988708,2.8385162353515625,2.7344970703125,Fixation,1044.5976363780887,1101.7356857033662,168.0,9.0,True,15,word,granola,3.0
1736.0,1048.00537109375,1094.4609260559082,0.4183686375617981,0.7690342664718628,0.4093770980834961,0.7600423097610474,2.8221893310546875,2.740463256835937,Fixation,1044.5976363780887,1101.7356857033662,168.0,9.0,True,15,word,granola,3.0
1740.0,1044.316635131836,1096.5648078918457,0.4084050357341766,0.7609908580780029,0.4079361855983734,0.7615033388137817,2.8413848876953125,2.759552001953125,Fixation,1044.5976363780887,1101.7356857033662,168.0,9.0,True,15,word,granola,3.0
1744.0,1050.1973724365232,1101.5143203735352,0.4185259342193603,0.7665836811065674,0.4102333486080169,0.7649405002593994,2.837921142578125,2.75921630859375,Fixation,1044.5976363780887,1101.7356857033662,168.0,9.0,True,15,word,granola,3.0
1748.0,1025.594711303711,1098.6286067962646,0.4141847491264343,0.7636866569519043,0.4006229341030121,0.762936532497406,2.830841064453125,2.7519683837890625,Fixation,1044.5976363780887,1101.7356857033662,168.0,9.0,True,15,word,granola,3.0
1752.0,1032.5379180908203,1097.2560024261475,0.425285279750824,0.7698121070861816,0.4033351242542267,0.761983335018158,2.859359741210937,2.7412109375,Fixation,1044.5976363780887,1101.7356857033662,168.0,9.0,True,15,word,granola,3.0
1756.0,1053.6140441894531,1105.0129508972168,0.4162553548812866,0.7731130719184875,0.4115679860115051,0.7673701047897339,2.843002319335937,2.760894775390625,Fixation,1044.5976363780887,1101.7356857033662,168.0,9.0,True,15,word,granola,3.0
1760.0,1045.8211517333982,1093.322467803955,0.4187104403972626,0.7665872573852539,0.4085238873958587,0.7592517137527466,2.8243865966796875,2.74737548828125,Fixation,1044.5976363780887,1101.7356857033662,168.0,9.0,True,15,word,granola,3.0
1764.0,1047.7899932861326,1101.213140487671,0.4235017597675323,0.7671842575073242,0.4092929661273956,0.7647313475608826,2.853790283203125,2.763092041015625,Fixation,1044.5976363780887,1101.7356857033662,168.0,9.0,True,15,word,granola,3.0
1768.0,1048.2373809814453,1103.4417343139648,0.4202321767807007,0.7652223706245422,0.4094677269458771,0.7662789821624756,2.861923217773437,2.7698974609375,Fixation,1044.5976363780887,1101.7356857033662,168.0,9.0,True,15,word,granola,3.0
1772.0,1032.0838928222656,1096.3505744934082,0.4176608026027679,0.7715336084365845,0.4031577706336975,0.7613545656204224,2.841461181640625,2.750518798828125,Fixation,1044.5976363780887,1101.7356857033662,168.0,9.0,True,15,word,granola,3.0
1776.0,994.5025634765625,1111.0136318206787,0.39206662774086,0.7741771936416626,0.3884775638580322,0.7715372443199158,2.8762359619140625,2.7610626220703125,Fixation,1044.5976363780887,1101.7356857033662,168.0,9.0,True,15,word,granola,3.0
1780.0,948.5694885253906,1112.1561241149902,0.3765592873096466,0.7742471098899841,0.3705349564552307,0.772330641746521,2.8609161376953125,2.7537994384765625,Saccade,,,,0.0,False,16,,,
1784.0,885.5195617675781,1110.5859375,0.3512081801891327,0.7680549621582031,0.3459060788154602,0.771240234375,2.8415985107421875,2.7531890869140625,Saccade,,,,0.0,False,16,,,
1788.0,845.4564666748047,1110.0524997711182,0.3332159519195556,0.7633376121520996,0.3302564322948456,0.770869791507721,2.8535308837890625,2.7658233642578125,Saccade,,,,0.0,False,16,,,
1792.0,780.78369140625,1103.9071941375732,0.3160842359066009,0.7546298503875732,0.3049936294555664,0.7666022181510925,2.84027099609375,2.732574462890625,Fixation,744.1069319441511,1107.2193621300362,292.0,10.0,True,17,word,some,0.0
1796.0,757.499771118164,1119.6363544464111,0.3025627732276916,0.7648575901985168,0.2958983480930328,0.7775252461433411,2.8680572509765625,2.757308959960937,Fixation,744.1069319441511,1107.2193621300362,292.0,10.0,True,17,word,some,0.0
1800.0,711.2904357910156,1109.53519821167,0.3009312152862549,0.7727711200714111,0.2778478264808655,0.7705105543136597,2.8385162353515625,2.7548370361328125,Fixation,744.1069319441511,1107.2193621300362,292.0,10.0,True,17,word,some,0.0
1804.0,722.8121948242186,1106.020860671997,0.2981575131416321,0.766170859336853,0.2823485136032104,0.7680700421333313,2.83673095703125,2.7601318359375,Fixation,744.1069319441511,1107.2193621300362,292.0,10.0,True,17,word,some,0.0
1808.0,723.2109832763671,1110.1152420043945,0.2921437621116638,0.759810745716095,0.2825042903423309,0.7709133625030518,2.8380126953125,2.7612457275390625,Fixation,744.1069319441511,1107.2193621300362,292.0,10.0,True,17,word,some,0.0
1812.0,732.6068115234375,1097.5601863861084,0.302343875169754,0.7668687105178833,0.2861745357513428,0.7621945738792419,2.864410400390625,2.7504425048828125,Fixation,744.1069319441511,1107.2193621300362,292.0,10.0,True,17,word,some,0.0
1816.0,748.8587188720702,1106.041374206543,0.303216814994812,0.7690331935882568,0.2925229370594024,0.7680842876434326,2.8585205078125,2.752166748046875,Fixation,744.1069319441511,1107.2193621300362,292.0,10.0,True,17,word,some,0.0
1820.0,751.4175415039062,1114.4650554656982,0.3011802434921264,0.7605509757995605,0.2935224771499634,0.7739340662956238,2.8463287353515625,2.7735595703125,Fixation,744.1069319441511,1107.2193621300362,292.0,10.0,True,17,word,some,0.0
1824.0,747.0267486572266,1103.3480072021484,0.3010226786136627,0.7642146348953247,0.2918073236942291,0.7662138938903809,2.852890014648437,2.7733154296875,Fixation,744.1069319441511,1107.2193621300362,292.0,10.0,True,17,word,some,0.0
1828.0,740.7402801513672,1125.0833415985107,0.2971000671386719,0.7601019144058228,0.2893516719341278,0.7813078761100769,2.8545684814453125,2.75341796875,Fixation,744.1069319441511,1107.2193621300362,292.0,10.0,True,17,word,some,0.0
1832.0,727.9971313476562,1120.0724601745605,0.3024808466434479,0.7655477523803711,0.2843738794326782,0.7778280973434448,2.859771728515625,2.775238037109375,Fixation,744.1069319441511,1107.2193621300362,292.0,10.0,True,17,word,some,0.0
1836.0,736.194610595703,1113.3810997009277,0.3022839426994324,0.7659813761711121,0.2875760197639465,0.7731813192367554,2.8504180908203125,2.749603271484375,Fixation,744.1069319441511,1107.2193621300362,292.0,10.0,True,17,word,some,0.0
1840.0,731.2995910644531,1096.8114852905273,0.3032333254814148,0.7706834673881531,0.285663902759552,0.7616746425628662,2.866302490234375,2.7614898681640625,Fixation,744.1069319441511,1107.2193621300362,292.0,10.0,True,17,word,some,0.0
1844.0,732.7315521240233,1108.009729385376,0.3014381527900696,0.7668618559837341,0.2862232625484466,0.7694512009620667,2.8758697509765625,2.748641967773437,Fixation,744.1069319441511,1107.2193621300362,292.0,10.0,True,17,word,some,0.0
1848.0,746.2596130371093,1111.3984966278076,0.2980698049068451,0.7584731578826904,0.2915076613426208,0.7718045115470886,2.843048095703125,2.7744293212890625,Fixation,744.1069319441511,1107.2193621300362,292.0,10.0,True,17,word,some,0.0
1852.0,733.7227630615234,1108.2445621490479,0.2978053987026214,0.7665170431137085,0.2866104543209076,0.7696142792701721,2.849365234375,2.75634765625,Fixation,744.1069319441511,1107.2193621300362,292.0,10.0,True,17,word,some,0.0
1856.0,738.7287902832031,1103.1553173065186,0.2965560853481293,0.7691367864608765,0.2885659337043762,0.7660800814628601,2.853500366210937,2.767196655273437,Fixation,744.1069319441511,1107.2193621300362,292.0,10.0,True,17,word,some,0.0
1860.0,730.8618927001953,1109.8687362670898,0.2976260483264923,0.7634562253952026,0.2854929268360138,0.7707421779632568,2.853378295898437,2.750701904296875,Fixation,744.1069319441511,1107.2193621300362,292.0,10.0,True,17,word,some,0.0
1864.0,747.7834320068359,1115.224313735962,0.2980121076107025,0.7683229446411133,0.2921029031276703,0.7744613289833069,2.845916748046875,2.7533111572265625,Fixation,744.1069319441511,1107.2193621300362,292.0,10.0,True,17,word,some,0.0
1868.0,742.9299163818358,1107.5677871704102,0.2950325310230255,0.7571672201156616,0.2902069985866546,0.7691442966461182,2.8273468017578125,2.7714996337890625,Fixation,744.1069319441511,1107.2193621300362,292.0,10.0,True,17,word,some,0.0
1872.0,732.9297637939453,1117.4664688110352,0.2938906252384186,0.7665318846702576,0.2863006889820099,0.7760183811187744,2.845794677734375,2.7478179931640625,Fixation,744.1069319441511,1107.2193621300362,292.0,10.0,True,17,word,some,0.0
1876.0,734.6021270751952,1103.1392669677734,0.2940603792667389,0.7721135020256042,0.2869539558887481,0.7660689353942871,2.8516082763671875,2.7429656982421875,Fixation,744.1069319441511,1107.2193621300362,292.0,10.0,True,17,word,some,0.0
1880.0,739.4586944580078,1111.2115573883057,0.3001387417316437,0.7654642462730408,0.2888510525226593,0.7716746926307678,2.8664703369140625,2.7445526123046875,Fixation,744.1069319441511,1107.2193621300362,292.0,10.0,True,17,word,some,0.0
1884.0,737.6632690429686,1109.69801902771,0.2984740436077118,0.7613086104393005,0.2881497144699096,0.7706236243247986,2.8546905517578125,2.7423553466796875,Fixation,744.1069319441511,1107.2193621300362,292.0,10.0,True,17,word,some,0.0
1888.0,740.2325439453125,1098.2750701904297,0.2971103191375732,0.7706609964370728,0.2891533374786377,0.7626910209655762,2.86285400390625,2.739486694335937,Fixation,744.1069319441511,1107.2193621300362,292.0,10.0,True,17,word,some,0.0
1892.0,733.6872100830078,1114.1185569763184,0.2952017486095428,0.7671510577201843,0.2865965664386749,0.7736934423446655,2.8607940673828125,2.7605133056640625,Fixation,744.1069319441511,1107.2193621300362,292.0,10.0,True,17,word,some,0.0
1896.0,740.3337860107421,1110.2748012542725,0.2948010265827179,0.7666363716125488,0.2891928851604461,0.7710241675376892,2.857421875,2.7723541259765625,Fixation,744.1069319441511,1107.2193621300362,292.0,10.0,True,17,word,some,0.0
1900.0,745.7369232177733,1111.5460395812988,0.2962918281555176,0.7786069512367249,0.2913034856319427,0.7719069719314575,2.829010009765625,2.751937866210937,Fixation,744.1069319441511,1107.2193621300362,292.0,10.0,True,17,word,some,0.0
1904.0,750.7105255126953,1127.4254035949707,0.2964595854282379,0.7682902216911316,0.2932462990283966,0.782934308052063,2.842864990234375,2.77197265625,Fixation,744.1069319441511,1107.2193621300362,292.0,10.0,True,17,word,some,0.0
1908.0,749.016876220703,1118.9110851287842,0.2954146265983581,0.7779039740562439,0.2925847172737121,0.777021586894989,2.8473052978515625,2.767578125,Fixation,744.1069319441511,1107.2193621300362,292.0,10.0,True,17,word,some,0.0
1912.0,741.9102478027344,1112.8078365325928,0.2980986535549164,0.7748855948448181,0.2898086905479431,0.7727832198143005,2.857086181640625,2.7542877197265625,Fixation,744.1069319441511,1107.2193621300362,292.0,10.0,True,17,word,some,0.0
1916.0,737.2280883789061,1106.8794250488281,0.3025223910808563,0.7715982794761658,0.2879797220230102,0.7686662673950195,2.8507232666015625,2.761703491210937,Fixation,744.1069319441511,1107.2193621300362,292.0,10.0,True,17,word,some,0.0
1920.0,740.7730102539061,1116.5550327301025,0.2990317940711975,0.7720233201980591,0.2893644571304321,0.7753854393959045,2.8608551025390625,2.76519775390625,Fixation,744.1069319441511,1107.2193621300362,292.0,10.0,True,17,word,some,0.0
1924.0,725.5009460449219,1118.5947132110596,0.2995822131633758,0.7670223116874695,0.2833988070487976,0.7768018841743469,2.8309783935546875,2.760726928710937,Fixation,744.1069319441511,1107.2193621300362,292.0,10.0,True,17,word,some,0.0
1928.0,727.1798706054686,1104.336862564087,0.2955324947834015,0.7793012857437134,0.2840546369552612,0.7669005990028381,2.849945068359375,2.745590209960937,Fixation,744.1069319441511,1107.2193621300362,292.0,10.0,True,17,word,some,0.0
1932.0,728.5073852539061,1100.5468368530273,0.2941662669181824,0.7646137475967407,0.2845731973648071,0.7642686367034912,2.8345947265625,2.7645416259765625,Fixation,744.1069319441511,1107.2193621300362,292.0,10.0,True,17,word,some,0.0
1936.0,726.4937591552734,1102.071533203125,0.2987159788608551,0.7718424201011658,0.2837866246700287,0.7653274536132812,2.8667755126953125,2.7520904541015625,Fixation,744.1069319441511,1107.2193621300362,292.0,10.0,True,17,word,some,0.0
1940.0,736.6902923583984,1110.4147052764893,0.299229621887207,0.7763569951057434,0.2877696454524994,0.7711213231086731,2.869354248046875,2.753265380859375,Fixation,744.1069319441511,1107.2193621300362,292.0,10.0,True,17,word,some,0.0
1944.0,745.454864501953,1097.521562576294,0.2922223508358001,0.7661705613136292,0.2911933064460754,0.762167751789093,2.84423828125,2.7458038330078125,Fixation,744.1069319441511,1107.2193621300362,292.0,10.0,True,17,word,some,0.0
1948.0,752.1645355224609,1114.9000453948975,0.300845205783844,0.7664810419082642,0.2938142716884613,0.7742361426353455,2.8606414794921875,2.7550811767578125,Fixation,744.1069319441511,1107.2193621300362,292.0,10.0,True,17,word,some,0.0
1952.0,751.3463592529296,1109.0158367156982,0.2941162586212158,0.76608806848526,0.2934946715831756,0.7701498866081238,2.851547241210937,2.7559051513671875,Fixation,744.1069319441511,1107.2193621300362,292.0,10.0,True,17,word,some,0.0
1956.0,749.1734313964844,1109.37349319458,0.3008241057395935,0.764461100101471,0.2926458716392517,0.7703982591629028,2.8533935546875,2.777618408203125,Fixation,744.1069319441511,1107.2193621300362,292.0,10.0,True,17,word,some,0.0
1960.0,751.448974609375,1107.6143074035645,0.3000651597976684,0.7675366997718811,0.2935347557067871,0.7691766023635864,2.8471832275390625,2.772689819335937,Fixation,744.1069319441511,1107.2193621300362,292.0,10.0,True,17,word,some,0.0
1964.0,748.4475708007812,1103.3829402923584,0.2990477085113525,0.7712736129760742,0.2923623323440552,0.7662381529808044,2.843170166015625,2.771697998046875,Fixation,744.1069319441511,1107.2193621300362,292.0,10.0,True,17,word,some,0.0
1968.0,737.4878692626952,1100.6679439544678,0.3036728799343109,0.7664750218391418,0.2880811989307403,0.7643527388572693,2.8594512939453125,2.7459869384765625,Fixation,744.1069319441511,1107.2193621300362,292.0,10.0,True,17,word,some,0.0
1972.0,743.5354614257812,1100.2710628509521,0.299028992652893,0.7710825800895691,0.2904435396194458,0.7640771269798279,2.8555145263671875,2.7487335205078125,Fixation,744.1069319441511,1107.2193621300362,292.0,10.0,True,17,word,some,0.0
1976.0,751.0049438476562,1104.43359375,0.3030696511268616,0.763205885887146,0.2933613061904907,0.7669677734375,2.8628082275390625,2.7583160400390625,Fixation,744.1069319441511,1107.2193621300362,292.0,10.0,True,17,word,some,0.0
1980.0,739.0579986572266,1103.5165786743164,0.3010386526584625,0.7589905261993408,0.2886945307254791,0.7663309574127197,2.8395233154296875,2.7632598876953125,Fixation,744.1069319441511,1107.2193621300362,292.0,10.0,True,17,word,some,0.0
1984.0,738.1996917724608,1110.358486175537,0.2926174402236938,0.7588337063789368,0.2883592545986175,0.7710822820663452,2.8397216796875,2.7740478515625,Fixation,744.1069319441511,1107.2193621300362,292.0,10.0,True,17,word,some,0.0
1988.0,745.1339721679688,1106.9433689117432,0.2942945659160614,0.772517740726471,0.2910679578781128,0.7687106728553772,2.8480987548828125,2.75372314453125,Fixation,744.1069319441511,1107.2193621300362,292.0,10.0,True,17,word,some,0.0
1992.0,730.1453399658202,1109.0120601654053,0.3044434487819671,0.7614104151725769,0.2852130234241485,0.7701472640037537,2.863021850585937,2.756210327148437,Fixation,744.1069319441511,1107.2193621300362,292.0,10.0,True,17,word,some,0.0
1996.0,739.1229248046874,1109.1475868225098,0.3001630008220672,0.7679606676101685,0.288719892501831,0.770241379737854,2.8480224609375,2.761703491210937,Fixation,744.1069319441511,1107.2193621300362,292.0,10.0,True,17,word,some,0.0
2000.0,742.919921875,1098.069076538086,0.2955709993839264,0.7721992135047913,0.2902030944824219,0.7625479698181152,2.8583984375,2.75775146484375,Fixation,744.1069319441511,1107.2193621300362,292.0,10.0,True,17,word,some,0.0
2004.0,747.8308868408202,1102.2270584106445,0.2995595037937164,0.7752630710601807,0.2921214401721954,0.7654354572296143,2.874298095703125,2.7674713134765625,Fixation,744.1069319441511,1107.2193621300362,292.0,10.0,True,17,word,some,0.0
2008.0,753.0079650878906,1103.3906650543213,0.2989116609096527,0.7618056535720825,0.2941437363624573,0.7662435173988342,2.85443115234375,2.7774200439453125,Fixation,744.1069319441511,1107.2193621300362,292.0,10.0,True,17,word,some,0.0
2012.0,757.8044128417969,1114.3487548828125,0.2944935262203216,0.7646036148071289,0.2960173487663269,0.7738533020019531,2.848388671875,2.763336181640625,Fixation,744.1069319441511,1107.2193621300362,292.0,10.0,True,17,word,some,0.0
2016.0,746.5821075439452,1116.8286609649658,0.2950355112552643,0.768568754196167,0.2916336357593536,0.7755754590034485,2.861053466796875,2.76611328125,Fixation,744.1069319441511,1107.2193621300362,292.0,10.0,True,17,word,some,0.0
2020.0,757.3443603515625,1093.3379173278809,0.2949118912220001,0.7646421790122986,0.2958376407623291,0.7592624425888062,2.8556060791015625,2.763275146484375,Fixation,744.1069319441511,1107.2193621300362,292.0,10.0,True,17,word,some,0.0
2024.0,754.2974090576172,1115.083122253418,0.3020205199718475,0.7721384763717651,0.2946474254131317,0.7743632793426514,2.8707427978515625,2.7773590087890625,Fixation,744.1069319441511,1107.2193621300362,292.0,10.0,True,17,word,some,0.0
2028.0,755.5779266357422,1105.7531547546387,0.3011748492717743,0.7655895352363586,0.2951476275920868,0.7678841352462769,2.8509674072265625,2.776275634765625,Fixation,744.1069319441511,1107.2193621300362,292.0,10.0,True,17,word,some,0.0
2032.0,763.8272094726561,1101.7051219940186,0.301868200302124,0.77058345079422,0.2983700037002563,0.7650730013847351,2.86383056640625,2.760116577148437,Fixation,744.1069319441511,1107.2193621300362,292.0,10.0,True,17,word,some,0.0
2036.0,761.5505981445312,1103.6693572998047,0.3024834096431732,0.7687522768974304,0.2974807024002075,0.7664370536804199,2.868515014648437,2.7677764892578125,Fixation,744.1069319441511,1107.2193621300362,292.0,10.0,True,17,word,some,0.0
2040.0,755.3916931152344,1099.711275100708,0.2975636720657348,0.7657187581062317,0.2950748801231384,0.7636883854866028,2.867218017578125,2.756439208984375,Fixation,744.1069319441511,1107.2193621300362,292.0,10.0,True,17,word,some,0.0
2044.0,749.8649597167969,1104.8974227905273,0.2995630800724029,0.7615602016448975,0.2929159998893738,0.7672898769378662,2.863433837890625,2.7792510986328125,Fixation,744.1069319441511,1107.2193621300362,292.0,10.0,True,17,word,some,0.0
2048.0,750.6539916992188,1106.7493057250977,0.3014155626296997,0.7716341018676758,0.2932242155075073,0.76857590675354,2.858642578125,2.7764129638671875,Fixation,744.1069319441511,1107.2193621300362,292.0,10.0,True,17,word,some,0.0
2052.0,755.7382202148436,1101.058645248413,0.3035674393177032,0.7705091238021851,0.2952102422714233,0.7646240592002869,2.8573760986328125,2.783309936523437,Fixation,744.1069319441511,1107.2193621300362,292.0,10.0,True,17,word,some,0.0
2056.0,755.8197021484375,1105.633249282837,0.3054415881633758,0.7697677612304688,0.2952420711517334,0.7678008675575256,2.8624725341796875,2.76995849609375,Fixation,744.1069319441511,1107.2193621300362,292.0,10.0,True,17,word,some,0.0
2060.0,754.9695587158203,1096.0826110839844,0.3052021861076355,0.7666394710540771,0.2949099838733673,0.7611684799194336,2.868316650390625,2.767807006835937,Fixation,744.1069319441511,1107.2193621300362,292.0,10.0,True,17,word,some,0.0
2064.0,754.5504760742188,1105.3723239898682,0.2989856600761413,0.7736460566520691,0.2947462797164917,0.7676196694374084,2.8507537841796875,2.7669677734375,Fixation,744.1069319441511,1107.2193621300362,292.0,10.0,True,17,word,some,0.0
2068.0,745.1655578613281,1105.4934310913086,0.3043102622032165,0.7694175243377686,0.2910802960395813,0.7677037715911865,2.8654937744140625,2.767196655273437,Fixation,744.1069319441511,1107.2193621300362,292.0,10.0,True,17,word,some,0.0
2072.0,748.1285095214843,1099.1046237945557,0.2987857460975647,0.7675514221191406,0.2922376990318298,0.7632670998573303,2.863510131835937,2.740386962890625,Fixation,744.1069319441511,1107.2193621300362,292.0,10.0,True,17,word,some,0.0
2076.0,750.4066467285156,1098.1626319885254,0.3031481802463531,0.7758044600486755,0.2931275963783264,0.7626129388809204,2.8624725341796875,2.7632598876953125,Fixation,744.1069319441511,1107.2193621300362,292.0,10.0,True,17,word,some,0.0
2080.0,753.9785003662108,1100.6642532348633,0.2980835437774658,0.7659437656402588,0.2945228517055511,0.764350175857544,2.85516357421875,2.7522125244140625,Fixation,744.1069319441511,1107.2193621300362,292.0,10.0,True,17,word,some,0.0
2084.0,773.3666229248046,1087.011251449585,0.3105033636093139,0.7558685541152954,0.3020963370800018,0.7548689246177673,2.877593994140625,2.757308959960937,Fixation,744.1069319441511,1107.2193621300362,292.0,10.0,True,17,word,some,0.0
2088.0,807.8723144531249,1056.9509410858154,0.3213562369346618,0.7408632636070251,0.3155751228332519,0.7339937090873718,2.891265869140625,2.77130126953125,Saccade,,,,0.0,False,18,,,
2092.0,861.6618347167969,1012.421293258667,0.3406414091587066,0.7122980356216431,0.3365866541862488,0.703070342540741,2.876007080078125,2.773590087890625,Saccade,,,,0.0,False,18,,,
2096.0,906.8909454345702,977.2517395019531,0.3557338416576385,0.7035466432571411,0.354254275560379,0.6786470413208008,2.888519287109375,2.7781524658203125,Saccade,,,,0.0,False,18,,,
2100.0,960.0466918945311,934.6367168426514,0.3692028522491455,0.6600899696350098,0.3750182390213012,0.6490532755851746,2.8549041748046875,2.7718048095703125,Saccade,,,,0.0,False,18,,,
2104.0,996.2656402587891,888.0950260162354,0.3984315991401672,0.6340761184692383,0.3891662657260895,0.616732656955719,2.897796630859375,2.782684326171875,Saccade,,,,0.0,False,18,,,
2108.0,1064.7333526611328,826.5964794158936,0.4142646491527557,0.5848027467727661,0.415911465883255,0.5740253329277039,2.860946655273437,2.781524658203125,Saccade,,,,0.0,False,18,,,
2112.0,1081.0298919677734,794.5882415771484,0.4239259362220764,0.547908365726471,0.4222773015499115,0.5517973899841309,2.860336303710937,2.794784545898437,Saccade,,,,0.0,False,18,,,
2116.0,1128.82080078125,746.1099529266357,0.4372494518756866,0.5233821868896484,0.4409456253051758,0.5181319117546082,2.8593902587890625,2.7793731689453125,Saccade,,,,0.0,False,18,,,
2120.0,1179.2282867431638,691.7387008666992,0.4526701271533966,0.4983689785003662,0.4606360495090484,0.4803740978240967,2.8660430908203125,2.735458374023437,Saccade,,,,0.0,False,18,,,
2124.0,1191.0572814941406,682.0079040527344,0.4611794352531433,0.4822198748588562,0.4652567505836487,0.4736166000366211,2.881698608398437,2.755859375,Fixation,1212.7831325246327,632.2994067063972,264.0,11.0,True,19,image,,9.0
2128.0,1212.2049713134766,653.0249404907227,0.4636901617050171,0.4683321118354797,0.4735175669193268,0.4534895420074463,2.8605499267578125,2.7430877685546875,Fixation,1212.7831325246327,632.2994067063972,264.0,11.0,True,19,image,,9.0
2132.0,1205.6250762939453,655.8748626708983,0.4662087857723236,0.4737313389778137,0.4709472954273224,0.4554686546325683,2.88702392578125,2.7561187744140625,Fixation,1212.7831325246327,632.2994067063972,264.0,11.0,True,19,image,,9.0
2136.0,1209.5030975341795,637.070689201355,0.4711515605449676,0.4500994384288788,0.4724621474742889,0.4424102008342743,2.89019775390625,2.7642822265625,Fixation,1212.7831325246327,632.2994067063972,264.0,11.0,True,19,image,,9.0
2140.0,1225.1277923583984,657.4332904815674,0.4699364006519317,0.4465062022209167,0.4785655438899994,0.4565508961677551,2.894271850585937,2.7764434814453125,Fixation,1212.7831325246327,632.2994067063972,264.0,11.0,True,19,image,,9.0
2144.0,1215.1512908935547,626.1912202835082,0.468380331993103,0.454537570476532,0.4746684730052948,0.4348550140857696,2.897979736328125,2.7318267822265625,Fixation,1212.7831325246327,632.2994067063972,264.0,11.0,True,19,image,,9.0
2148.0,1212.9088592529295,652.9656744003296,0.4661515951156616,0.4604422152042389,0.4737925231456756,0.4534483850002289,2.8943328857421875,2.7584991455078125,Fixation,1212.7831325246327,632.2994067063972,264.0,11.0,True,19,image,,9.0
2152.0,1210.6761169433591,649.9531459808348,0.4689033329486847,0.4539170861244201,0.4729203581809997,0.4513563513755798,2.9105987548828125,2.781402587890625,Fixation,1212.7831325246327,632.2994067063972,264.0,11.0,True,19,image,,9.0
2156.0,1218.1180572509766,633.2798480987549,0.4722106754779815,0.4496303200721741,0.4758273661136627,0.439777672290802,2.9154815673828125,2.759033203125,Fixation,1212.7831325246327,632.2994067063972,264.0,11.0,True,19,image,,9.0
2160.0,1217.9171752929688,642.5508069992064,0.4681264460086822,0.448403924703598,0.4757488965988159,0.4462158381938934,2.9021759033203125,2.77154541015625,Fixation,1212.7831325246327,632.2994067063972,264.0,11.0,True,19,image,,9.0
2164.0,1218.9032745361328,632.7111339569091,0.4713268876075744,0.466116189956665,0.4761340916156769,0.4393827319145202,2.932601928710937,2.7568511962890625,Fixation,1212.7831325246327,632.2994067063972,264.0,11.0,True,19,image,,9.0
2168.0,1208.7338256835938,645.8800935745238,0.4739717245101928,0.4466606080532074,0.4721616506576538,0.448527842760086,2.897811889648437,2.7757568359375,Fixation,1212.7831325246327,632.2994067063972,264.0,11.0,True,19,image,,9.0
2172.0,1206.663131713867,641.4480972290039,0.4771629273891449,0.4430464506149292,0.4713527858257293,0.4454500675201416,2.910018920898437,2.7625274658203125,Fixation,1212.7831325246327,632.2994067063972,264.0,11.0,True,19,image,,9.0
2176.0,1217.0528411865234,636.032395362854,0.4687490165233612,0.4601515233516693,0.4754112660884857,0.4416891634464264,2.90283203125,2.763412475585937,Fixation,1212.7831325246327,632.2994067063972,264.0,11.0,True,19,image,,9.0
2180.0,1214.8956298828123,643.6683654785156,0.47148597240448,0.440728098154068,0.4745686054229736,0.4469919204711914,2.9067535400390625,2.7738800048828125,Fixation,1212.7831325246327,632.2994067063972,264.0,11.0,True,19,image,,9.0
2184.0,1213.0183410644531,646.5739059448241,0.4720214903354645,0.4444455802440643,0.473835289478302,0.4490096569061279,2.8916015625,2.770492553710937,Fixation,1212.7831325246327,632.2994067063972,264.0,11.0,True,19,image,,9.0
2188.0,1221.2196350097656,635.6130266189574,0.4712792336940765,0.4448159635066986,0.4770389199256897,0.4413979351520538,2.907135009765625,2.76885986328125,Fixation,1212.7831325246327,632.2994067063972,264.0,11.0,True,19,image,,9.0
2192.0,1213.7768554687498,616.4464759826659,0.4697543978691101,0.4414585828781128,0.4741315841674804,0.428087830543518,2.901229858398437,2.73431396484375,Fixation,1212.7831325246327,632.2994067063972,264.0,11.0,True,19,image,,9.0
2196.0,1225.8997344970703,632.8088521957396,0.47377410531044,0.4380589425563812,0.4788670837879181,0.439450591802597,2.90106201171875,2.7665557861328125,Fixation,1212.7831325246327,632.2994067063972,264.0,11.0,True,19,image,,9.0
2200.0,1211.6937255859373,646.0882759094237,0.4755652844905853,0.4494867026805877,0.4733178615570068,0.4486724138259887,2.89447021484375,2.796600341796875,Fixation,1212.7831325246327,632.2994067063972,264.0,11.0,True,19,image,,9.0
2204.0,1223.0599975585938,642.6661634445189,0.4726635217666626,0.4447553753852844,0.4777578115463257,0.4462959468364715,2.887802124023437,2.786163330078125,Fixation,1212.7831325246327,632.2994067063972,264.0,11.0,True,19,image,,9.0
2208.0,1215.9337615966797,623.9859294891356,0.4721685945987701,0.4444093406200409,0.474974125623703,0.4333235621452331,2.91461181640625,2.7545166015625,Fixation,1212.7831325246327,632.2994067063972,264.0,11.0,True,19,image,,9.0
2212.0,1216.1552429199219,638.6694145202637,0.4734723567962646,0.4409967362880707,0.4750606417655945,0.4435204267501831,2.895538330078125,2.770660400390625,Fixation,1212.7831325246327,632.2994067063972,264.0,11.0,True,19,image,,9.0
2216.0,1215.863342285156,652.3365783691405,0.4742401540279388,0.4492319524288177,0.4749466180801391,0.4530115127563476,2.907745361328125,2.786346435546875,Fixation,1212.7831325246327,632.2994067063972,264.0,11.0,True,19,image,,9.0
2220.0,1222.5077056884763,636.7710542678833,0.476265013217926,0.4390591084957123,0.4775420725345611,0.4422021210193634,2.904647827148437,2.770660400390625,Fixation,1212.7831325246327,632.2994067063972,264.0,11.0,True,19,image,,9.0
2224.0,1211.4196014404295,627.2982215881347,0.4745804965496063,0.4426318109035492,0.4732107818126678,0.4356237649917602,2.904510498046875,2.7561798095703125,Fixation,1212.7831325246327,632.2994067063972,264.0,11.0,True,19,image,,9.0
2228.0,1218.069381713867,634.4651699066161,0.4755539000034332,0.4331966042518616,0.4758083522319793,0.4406008124351501,2.9076080322265625,2.7707977294921875,Fixation,1212.7831325246327,632.2994067063972,264.0,11.0,True,19,image,,9.0
2232.0,1209.1265106201172,638.5820817947387,0.4734731018543243,0.4482247233390808,0.4723150432109833,0.4434597790241241,2.910614013671875,2.7706756591796875,Fixation,1212.7831325246327,632.2994067063972,264.0,11.0,True,19,image,,9.0
2236.0,1219.1354370117185,622.691946029663,0.4758611917495727,0.4513770043849945,0.4762247800827026,0.4324249625205993,2.9121856689453125,2.7580108642578125,Fixation,1212.7831325246327,632.2994067063972,264.0,11.0,True,19,image,,9.0
2240.0,1214.4098663330078,623.3043050765991,0.4747791290283203,0.4408836960792541,0.4743788540363312,0.4328502118587494,2.8988189697265625,2.7667694091796875,Fixation,1212.7831325246327,632.2994067063972,264.0,11.0,True,19,image,,9.0
2244.0,1218.4771728515625,630.6126165390014,0.4770891666412353,0.442107081413269,0.4759676456451416,0.4379254281520843,2.9019012451171875,2.7742462158203125,Fixation,1212.7831325246327,632.2994067063972,264.0,11.0,True,19,image,,9.0
2248.0,1205.6080627441404,630.6552743911743,0.475416362285614,0.4473735392093658,0.4709406495094299,0.4379550516605377,2.927230834960937,2.753402709960937,Fixation,1212.7831325246327,632.2994067063972,264.0,11.0,True,19,image,,9.0
2252.0,1211.12678527832,625.2614164352416,0.4732069969177246,0.4391393363475799,0.4730964004993438,0.4342093169689178,2.916854858398437,2.7700653076171875,Fixation,1212.7831325246327,632.2994067063972,264.0,11.0,True,19,image,,9.0
2256.0,1219.0744018554688,635.7387685775757,0.4735493659973144,0.4300537705421448,0.4762009382247925,0.4414852559566498,2.9070587158203125,2.76495361328125,Fixation,1212.7831325246327,632.2994067063972,264.0,11.0,True,19,image,,9.0
2260.0,1210.3370666503904,630.470781326294,0.4712464809417724,0.4398800134658813,0.4727879166603088,0.437826931476593,2.9124298095703125,2.7700653076171875,Fixation,1212.7831325246327,632.2994067063972,264.0,11.0,True,19,image,,9.0
2264.0,1214.5368957519531,633.192172050476,0.4758085310459137,0.4355810284614563,0.4744284749031067,0.4397167861461639,2.894439697265625,2.775146484375,Fixation,1212.7831325246327,632.2994067063972,264.0,11.0,True,19,image,,9.0
2268.0,1213.5997009277341,638.6486434936522,0.4743213057518005,0.441721498966217,0.4740623831748962,0.4435060024261474,2.903961181640625,2.7753143310546875,Fixation,1212.7831325246327,632.2994067063972,264.0,11.0,True,19,image,,9.0
2272.0,1218.3656311035156,634.6577739715576,0.4750970304012298,0.4375645816326141,0.4759240746498108,0.4407345652580261,2.9081573486328125,2.7750396728515625,Fixation,1212.7831325246327,632.2994067063972,264.0,11.0,True,19,image,,9.0
2276.0,1211.7921447753904,626.7240571975708,0.4739837944507599,0.4408590197563171,0.4733563065528869,0.4352250397205353,2.909896850585937,2.7710113525390625,Fixation,1212.7831325246327,632.2994067063972,264.0,11.0,True,19,image,,9.0
2280.0,1214.7455596923826,640.2259540557861,0.4740380346775055,0.4357770383358001,0.474509984254837,0.4446013569831848,2.907211303710937,2.79412841796875,Fixation,1212.7831325246327,632.2994067063972,264.0,11.0,True,19,image,,9.0
2284.0,1214.8441314697263,623.2793712615966,0.4726731479167938,0.434842437505722,0.4745484888553619,0.4328328967094421,2.9131622314453125,2.767333984375,Fixation,1212.7831325246327,632.2994067063972,264.0,11.0,True,19,image,,9.0
2288.0,1217.0870971679688,599.6498823165894,0.4729449152946472,0.4366892576217651,0.4754246473312378,0.4164235293865204,2.915435791015625,2.7314910888671875,Fixation,1212.7831325246327,632.2994067063972,264.0,11.0,True,19,image,,9.0
2292.0,1208.8067626953123,614.0093564987181,0.4729618728160858,0.4429405033588409,0.4721901416778564,0.4263953864574432,2.916290283203125,2.765106201171875,Fixation,1212.7831325246327,632.2994067063972,264.0,11.0,True,19,image,,9.0
2296.0,1205.9091949462888,628.4824275970459,0.4725176095962524,0.4511907398700714,0.4710582792758941,0.4364461302757263,2.9263458251953125,2.7710113525390625,Fixation,1212.7831325246327,632.2994067063972,264.0,11.0,True,19,image,,9.0
2300.0,1222.4757385253906,629.7061586380004,0.4778479635715484,0.4392837584018707,0.4775295853614807,0.4372959434986114,2.9216766357421875,2.765380859375,Fixation,1212.7831325246327,632.2994067063972,264.0,11.0,True,19,image,,9.0
2304.0,1200.5704498291016,610.4775524139404,0.4719089865684509,0.4415887296199798,0.4689728319644928,0.4239427447319031,2.905868530273437,2.7648468017578125,Fixation,1212.7831325246327,632.2994067063972,264.0,11.0,True,19,image,,9.0
2308.0,1211.8734741210935,630.5815029144286,0.4747924208641052,0.4410819113254547,0.4733880758285522,0.4379038214683532,2.91290283203125,2.775238037109375,Fixation,1212.7831325246327,632.2994067063972,264.0,11.0,True,19,image,,9.0
2312.0,1199.3115234374998,623.0144548416138,0.4713050425052643,0.4428799748420715,0.4684810638427734,0.4326489269733429,2.911849975585937,2.7656402587890625,Fixation,1212.7831325246327,632.2994067063972,264.0,11.0,True,19,image,,9.0
2316.0,1206.3745880126953,625.6955909729003,0.4715753197669983,0.4433352053165436,0.4712400734424591,0.4345108270645141,2.91973876953125,2.7651824951171875,Fixation,1212.7831325246327,632.2994067063972,264.0,11.0,True,19,image,,9.0
2320.0,1202.9949188232422,623.3081245422363,0.4746692478656769,0.4350718259811401,0.469919890165329,0.4328528642654419,2.897735595703125,2.75701904296875,Fixation,1212.7831325246327,632.2994067063972,264.0,11.0,True,19,image,,9.0
2324.0,1204.2295074462888,624.7465610504149,0.4707123041152954,0.439937025308609,0.4704021513462066,0.4338517785072326,2.906982421875,2.773910522460937,Fixation,1212.7831325246327,632.2994067063972,264.0,11.0,True,19,image,,9.0
2328.0,1211.83349609375,621.2481021881102,0.4762140810489654,0.440430611371994,0.4733724594116211,0.4314222931861877,2.9110260009765625,2.7649688720703125,Fixation,1212.7831325246327,632.2994067063972,264.0,11.0,True,19,image,,9.0
2332.0,1214.9738311767578,619.7929286956786,0.474918931722641,0.4320385158061981,0.474599152803421,0.4304117560386657,2.8951568603515625,2.75799560546875,Fixation,1212.7831325246327,632.2994067063972,264.0,11.0,True,19,image,,9.0
2336.0,1216.553726196289,639.8521184921265,0.4748383164405823,0.4491470754146576,0.4752162992954254,0.4443417489528656,2.92193603515625,2.7786865234375,Fixation,1212.7831325246327,632.2994067063972,264.0,11.0,True,19,image,,9.0
2340.0,1203.1896209716797,624.2264270782471,0.4732429385185241,0.4318341612815857,0.4699959456920624,0.4334905743598938,2.89642333984375,2.762069702148437,Fixation,1212.7831325246327,632.2994067063972,264.0,11.0,True,19,image,,9.0
2344.0,1215.941390991211,622.5698947906493,0.4712393879890442,0.4371190667152405,0.4749771058559418,0.4323402047157287,2.88665771484375,2.752349853515625,Fixation,1212.7831325246327,632.2994067063972,264.0,11.0,True,19,image,,9.0
2348.0,1210.4882812499998,616.1744356155394,0.4751468300819397,0.4354960024356842,0.4728469848632812,0.4278989136219024,2.907257080078125,2.758041381835937,Fixation,1212.7831325246327,632.2994067063972,264.0,11.0,True,19,image,,9.0
2352.0,1208.797836303711,619.498143196106,0.4700208604335785,0.4335948228836059,0.4721866548061371,0.4302070438861847,2.883407592773437,2.765487670898437,Fixation,1212.7831325246327,632.2994067063972,264.0,11.0,True,19,image,,9.0
2356.0,1217.9698944091797,620.7315731048583,0.4757338762283325,0.4379423558712005,0.4757694900035858,0.4310635924339294,2.9072723388671875,2.751190185546875,Fixation,1212.7831325246327,632.2994067063972,264.0,11.0,True,19,image,,9.0
2360.0,1207.2352600097656,617.0730400085449,0.4758790135383606,0.4463613629341125,0.4715762734413147,0.4285229444503784,2.9087066650390625,2.755584716796875,Fixation,1212.7831325246327,632.2994067063972,264.0,11.0,True,19,image,,9.0
2364.0,1218.2881164550781,615.9780979156493,0.4748249650001526,0.4354341924190521,0.4758937954902649,0.4277625679969787,2.89385986328125,2.7262115478515625,Fixation,1212.7831325246327,632.2994067063972,264.0,11.0,True,19,image,,9.0
2368.0,1204.2182922363281,635.6799316406249,0.4748257994651794,0.4393996596336365,0.4703977704048157,0.4414443969726562,2.90625,2.76788330078125,Fixation,1212.7831325246327,632.2994067063972,264.0,11.0,True,19,image,,9.0
2372.0,1209.4432830810547,618.5299730300903,0.4746582806110382,0.4371727705001831,0.472438782453537,0.4295347034931183,2.908111572265625,2.7523956298828125,Fixation,1212.7831325246327,632.2994067063972,264.0,11.0,True,19,image,,9.0
2376.0,1208.7969970703125,646.1408042907715,0.4727675020694732,0.4449117481708526,0.4721863269805908,0.4487088918685913,2.902435302734375,2.7767791748046875,Fixation,1212.7831325246327,632.2994067063972,264.0,11.0,True,19,image,,9.0
2380.0,1214.600830078125,625.9349727630615,0.4738323390483856,0.4493431150913238,0.4744534492492676,0.4346770644187927,2.9191436767578125,2.7487030029296875,Fixation,1212.7831325246327,632.2994067063972,264.0,11.0,True,19,image,,9.0
2384.0,1208.8755035400388,645.8764886856079,0.473293662071228,0.4395440816879272,0.4722169935703277,0.4485253393650055,2.904647827148437,2.7782745361328125,Fixation,1212.7831325246327,632.2994067063972,264.0,11.0,True,19,image,,9.0
2388.0,1217.2951507568357,607.2210073471069,0.4744507372379303,0.424662321805954,0.475505918264389,0.4216812551021576,2.884506225585937,2.741119384765625,Fixation,1212.7831325246327,632.2994067063972,264.0,11.0,True,19,image,,9.0
2392.0,1246.1232757568357,619.6075773239136,0.4844637811183929,0.4102387130260467,0.486766904592514,0.4302830398082733,2.881072998046875,2.7845458984375,Saccade,,,,0.0,False,20,,,
2396.0,1281.7587280273438,611.8971061706542,0.4883768856525421,0.3812803924083709,0.5006870031356812,0.4249285459518432,2.862274169921875,2.805816650390625,Saccade,,,,0.0,False,20,,,
2400.0,1313.7696838378906,593.4280586242676,0.5009717345237732,0.357759565114975,0.513191282749176,0.4121028184890747,2.8217315673828125,2.81060791015625,Saccade,,,,0.0,False,20,,,
2404.0,1314.0402221679688,602.1272993087767,0.5145915746688843,0.3784067332744598,0.5132969617843628,0.4181439578533172,2.869781494140625,2.816497802734375,Saccade,,,,0.0,False,20,,,
2408.0,1332.6760864257812,597.7228116989136,0.5186766386032104,0.3927119672298431,0.5205765962600708,0.4150852859020233,2.8915252685546875,2.816619873046875,Saccade,,,,0.0,False,20,,,
2412.0,1354.47265625,577.0053863525391,0.5250675678253174,0.3934939801692962,0.5290908813476562,0.400698184967041,2.8866119384765625,2.8175048828125,Fixation,1375.0792290182674,577.8307493995218,268.0,12.0,True,21,image,,9.0
2416.0,1366.0391235351562,591.7535448074341,0.5335923433303833,0.3731038272380829,0.5336090326309204,0.4109399616718292,2.875030517578125,2.83734130859375,Fixation,1375.0792290182674,577.8307493995218,268.0,12.0,True,21,image,,9.0
2420.0,1384.7344970703125,582.4930572509766,0.5388467311859131,0.3662230968475342,0.5409119129180908,0.4045090675354004,2.873153686523437,2.813827514648437,Fixation,1375.0792290182674,577.8307493995218,268.0,12.0,True,21,image,,9.0
2424.0,1381.3832092285156,572.6504230499266,0.5349624156951904,0.3608158528804779,0.5396028161048889,0.3976739048957824,2.875640869140625,2.7999420166015625,Fixation,1375.0792290182674,577.8307493995218,268.0,12.0,True,21,image,,9.0
2428.0,1364.4256591796875,584.5125246047972,0.5331531167030334,0.3587923049926758,0.5329787731170654,0.4059114754199981,2.856201171875,2.8101043701171875,Fixation,1375.0792290182674,577.8307493995218,268.0,12.0,True,21,image,,9.0
2432.0,1369.786376953125,557.9240226745605,0.5288716554641724,0.3605329096317291,0.5350728034973145,0.3874472379684448,2.8452606201171875,2.7782135009765625,Fixation,1375.0792290182674,577.8307493995218,268.0,12.0,True,21,image,,9.0
2436.0,1386.9381713867188,580.6523752212523,0.5327804684638977,0.3904526829719543,0.541772723197937,0.4032308161258697,2.892486572265625,2.790634155273437,Fixation,1375.0792290182674,577.8307493995218,268.0,12.0,True,21,image,,9.0
2440.0,1377.882080078125,572.2518253326415,0.530552327632904,0.3871614336967468,0.5382351875305176,0.3973971009254455,2.8795928955078125,2.786834716796875,Fixation,1375.0792290182674,577.8307493995218,268.0,12.0,True,21,image,,9.0
2444.0,1377.3690795898438,580.2981948852539,0.5273381471633911,0.3851311802864074,0.5380347967147827,0.4029848575592041,2.896957397460937,2.8011932373046875,Fixation,1375.0792290182674,577.8307493995218,268.0,12.0,True,21,image,,9.0
2448.0,1367.6060485839844,579.042706489563,0.5297793745994568,0.330308735370636,0.5342211127281189,0.4021129906177521,2.781478881835937,2.8021392822265625,Fixation,1375.0792290182674,577.8307493995218,268.0,12.0,True,21,image,,9.0
2452.0,1379.1696166992188,586.918487548828,0.5282456278800964,0.3812841773033142,0.5387381315231323,0.4075822830200195,2.87640380859375,2.78814697265625,Fixation,1375.0792290182674,577.8307493995218,268.0,12.0,True,21,image,,9.0
2456.0,1369.0766906738281,577.6124238967894,0.5260722041130066,0.3964434266090393,0.5347955822944641,0.4011197388172149,2.90142822265625,2.78778076171875,Fixation,1375.0792290182674,577.8307493995218,268.0,12.0,True,21,image,,9.0
2460.0,1382.4049377441406,572.3360681533813,0.5288863778114319,0.3187572062015533,0.5400019288063049,0.3974556028842926,2.7555084228515625,2.7744903564453125,Fixation,1375.0792290182674,577.8307493995218,268.0,12.0,True,21,image,,9.0
2464.0,1373.2803344726562,579.7164344787598,0.5312071442604065,0.3669681549072265,0.5364376306533813,0.4025808572769165,2.8526153564453125,2.7896881103515625,Fixation,1375.0792290182674,577.8307493995218,268.0,12.0,True,21,image,,9.0
2468.0,1372.359619140625,591.0382747650146,0.5295727849006653,0.3284477889537811,0.5360779762268066,0.4104432463645935,2.7846221923828125,2.802764892578125,Fixation,1375.0792290182674,577.8307493995218,268.0,12.0,True,21,image,,9.0
2472.0,1371.7192077636719,574.2886304855346,0.5361213088035583,0.2830067276954651,0.5358278155326843,0.3988115489482879,2.7018585205078125,2.776611328125,Fixation,1375.0792290182674,577.8307493995218,268.0,12.0,True,21,image,,9.0
2476.0,1382.6335144042969,612.1221542358397,0.5327476859092712,0.3340315818786621,0.5400912165641785,0.4250848293304443,2.787689208984375,2.81982421875,Fixation,1375.0792290182674,577.8307493995218,268.0,12.0,True,21,image,,9.0
2480.0,1377.2723388671875,565.2508735656737,0.5287145376205444,0.3442978858947754,0.5379970073699951,0.3925353288650512,2.8075103759765625,2.769866943359375,Fixation,1375.0792290182674,577.8307493995218,268.0,12.0,True,21,image,,9.0
2484.0,1388.5818481445312,573.0131864547728,0.5286815762519836,0.3505924046039581,0.5424147844314575,0.3979258239269256,2.8217010498046875,2.7734832763671875,Fixation,1375.0792290182674,577.8307493995218,268.0,12.0,True,21,image,,9.0
2488.0,1374.7715759277344,555.7506608963012,0.5320916175842285,0.3800322711467743,0.5370201468467712,0.3859379589557647,2.8499908447265625,2.7667388916015625,Fixation,1375.0792290182674,577.8307493995218,268.0,12.0,True,21,image,,9.0
2492.0,1385.3085327148438,573.5021638870238,0.530454695224762,0.3861982524394989,0.5411361455917358,0.398265391588211,2.8616485595703125,2.768951416015625,Fixation,1375.0792290182674,577.8307493995218,268.0,12.0,True,21,image,,9.0
2496.0,1382.2630310058594,579.0539503097533,0.53086918592453,0.3611581325531006,0.5399464964866638,0.4021207988262176,2.8242950439453125,2.7655792236328125,Fixation,1375.0792290182674,577.8307493995218,268.0,12.0,True,21,image,,9.0
2500.0,1384.7047424316406,575.4309511184691,0.5302534699440002,0.3736774325370788,0.5409002900123596,0.3996048271656036,2.847747802734375,2.773590087890625,Fixation,1375.0792290182674,577.8307493995218,268.0,12.0,True,21,image,,9.0
2504.0,1373.1892395019531,586.1774682998657,0.5319132208824158,0.375542402267456,0.5364020466804504,0.4070676863193512,2.858367919921875,2.766815185546875,Fixation,1375.0792290182674,577.8307493995218,268.0,12.0,True,21,image,,9.0
2508.0,1368.7799072265625,575.184016227722,0.5297645330429077,0.3650208115577698,0.534679651260376,0.3994333446025848,2.842864990234375,2.7639617919921875,Fixation,1375.0792290182674,577.8307493995218,268.0,12.0,True,21,image,,9.0
2512.0,1370.5105590820312,569.6254920959473,0.5271621942520142,0.4027347266674042,0.5353556871414185,0.3955732583999634,2.899642944335937,2.757965087890625,Fixation,1375.0792290182674,577.8307493995218,268.0,12.0,True,21,image,,9.0
2516.0,1369.1708374023438,586.5231513977051,0.5308616161346436,0.3907598555088043,0.5348323583602905,0.4073077440261841,2.8754119873046875,2.7674102783203125,Fixation,1375.0792290182674,577.8307493995218,268.0,12.0,True,21,image,,9.0
2520.0,1378.6781311035156,583.9041137695312,0.5266825556755066,0.4089997410774231,0.5385461449623108,0.4054889678955078,2.903228759765625,2.7718963623046875,Fixation,1375.0792290182674,577.8307493995218,268.0,12.0,True,21,image,,9.0
2524.0,1381.3839721679688,586.606707572937,0.5285154581069946,0.4048510193824768,0.5396031141281128,0.4073657691478729,2.8831024169921875,2.7747344970703125,Fixation,1375.0792290182674,577.8307493995218,268.0,12.0,True,21,image,,9.0
2528.0,1372.9185485839844,574.7951173782347,0.5302997827529907,0.3934004008769989,0.5362963080406189,0.3991632759571075,2.876556396484375,2.7473297119140625,Fixation,1375.0792290182674,577.8307493995218,268.0,12.0,True,21,image,,9.0
2532.0,1375.157470703125,580.7683753967285,0.5289896130561829,0.3775290846824646,0.5371708869934082,0.4033113718032837,2.847503662109375,2.7593231201171875,Fixation,1375.0792290182674,577.8307493995218,268.0,12.0,True,21,image,,9.0
2536.0,1379.2489624023438,568.9297914505004,0.5320324897766113,0.3940024971961975,0.5387691259384155,0.3950901329517364,2.877197265625,2.74224853515625,Fixation,1375.0792290182674,577.8307493995218,268.0,12.0,True,21,image,,9.0
2540.0,1369.9240112304688,589.9241065979003,0.5279550552368164,0.3865635693073272,0.5351265668869019,0.4096695184707641,2.8615875244140625,2.772552490234375,Fixation,1375.0792290182674,577.8307493995218,268.0,12.0,True,21,image,,9.0
2544.0,1379.7673034667969,578.6207199096679,0.5285911560058594,0.3821953535079956,0.5389716029167175,0.4018199443817138,2.8719940185546875,2.75421142578125,Fixation,1375.0792290182674,577.8307493995218,268.0,12.0,True,21,image,,9.0
2548.0,1364.1891479492188,587.0864582061766,0.5307450890541077,0.3950058221817016,0.5328863859176636,0.4076989293098449,2.879547119140625,2.785751342773437,Fixation,1375.0792290182674,577.8307493995218,268.0,12.0,True,21,image,,9.0
2552.0,1374.2594909667969,569.5623636245728,0.5296555161476135,0.3987188339233398,0.536820113658905,0.3955294191837311,2.864242553710937,2.748992919921875,Fixation,1375.0792290182674,577.8307493995218,268.0,12.0,True,21,image,,9.0
2556.0,1371.9677734375,564.1076517105101,0.5317801237106323,0.3736944496631622,0.5359249114990234,0.3917414247989654,2.837860107421875,2.7364501953125,Fixation,1375.0792290182674,577.8307493995218,268.0,12.0,True,21,image,,9.0
2560.0,1380.3237915039062,550.315260887146,0.5287915468215942,0.4003495275974273,0.5391889810562134,0.3821633756160736,2.880599975585937,2.7195281982421875,Fixation,1375.0792290182674,577.8307493995218,268.0,12.0,True,21,image,,9.0
2564.0,1380.6553649902344,577.4532508850098,0.5272675156593323,0.4066082239151001,0.5393185019493103,0.401009202003479,2.8895721435546875,2.7559967041015625,Fixation,1375.0792290182674,577.8307493995218,268.0,12.0,True,21,image,,9.0
2568.0,1373.1443786621094,590.6021690368651,0.5299009084701538,0.4035530686378479,0.5363845229148865,0.4101403951644897,2.888916015625,2.766586303710937,Fixation,1375.0792290182674,577.8307493995218,268.0,12.0,True,21,image,,9.0
2572.0,1372.5732421875,581.1705780029296,0.529988169670105,0.3800549507141113,0.5361614227294922,0.4035906791687011,2.823333740234375,2.7532958984375,Fixation,1375.0792290182674,577.8307493995218,268.0,12.0,True,21,image,,9.0
2576.0,1377.747802734375,582.2938871383667,0.531634509563446,0.3902134597301483,0.5381827354431152,0.4043707549571991,2.85467529296875,2.7557525634765625,Fixation,1375.0792290182674,577.8307493995218,268.0,12.0,True,21,image,,9.0
2580.0,1369.6981811523438,583.1934356689453,0.5376356840133667,0.4130842685699463,0.5350383520126343,0.4049954414367676,2.8979949951171875,2.7451934814453125,Fixation,1375.0792290182674,577.8307493995218,268.0,12.0,True,21,image,,9.0
2584.0,1372.5929260253906,573.01700592041,0.5294981598854065,0.3942092061042785,0.5361691117286682,0.3979284763336181,2.848007202148437,2.736801147460937,Fixation,1375.0792290182674,577.8307493995218,268.0,12.0,True,21,image,,9.0
2588.0,1374.9127197265625,581.922755241394,0.5327916145324707,0.3893115818500519,0.5370752811431885,0.4041130244731903,2.8640594482421875,2.752426147460937,Fixation,1375.0792290182674,577.8307493995218,268.0,12.0,True,21,image,,9.0
2592.0,1372.2921752929688,578.3739995956421,0.5272385478019714,0.3983058631420135,0.5360516309738159,0.401648610830307,2.845703125,2.75445556640625,Fixation,1375.0792290182674,577.8307493995218,268.0,12.0,True,21,image,,9.0
2596.0,1366.8415832519531,588.5200023651122,0.5278412699699402,0.3940538167953491,0.5339224934577942,0.4086944460868835,2.86126708984375,2.751495361328125,Fixation,1375.0792290182674,577.8307493995218,268.0,12.0,True,21,image,,9.0
2600.0,1368.5136413574219,563.9077091217041,0.5298407673835754,0.3880552351474762,0.5345756411552429,0.3916025757789612,2.853485107421875,2.731964111328125,Fixation,1375.0792290182674,577.8307493995218,268.0,12.0,True,21,image,,9.0
2604.0,1376.1308288574219,581.483645439148,0.5290461182594299,0.3868851363658905,0.5375511050224304,0.4038080871105194,2.853759765625,2.74713134765625,Fixation,1375.0792290182674,577.8307493995218,268.0,12.0,True,21,image,,9.0
2608.0,1371.7561340332031,579.8017072677611,0.5307334661483765,0.4070775806903839,0.53584223985672,0.4026400744915008,2.875762939453125,2.7469482421875,Fixation,1375.0792290182674,577.8307493995218,268.0,12.0,True,21,image,,9.0
2612.0,1367.9005432128906,575.5260944366454,0.5296275019645691,0.4024352431297302,0.5343361496925354,0.3996708989143371,2.864349365234375,2.739120483398437,Fixation,1375.0792290182674,577.8307493995218,268.0,12.0,True,21,image,,9.0
2616.0,1369.3450927734375,569.9891996383667,0.5269717574119568,0.3929602205753326,0.534900426864624,0.3958258330821991,2.840667724609375,2.7254638671875,Fixation,1375.0792290182674,577.8307493995218,268.0,12.0,True,21,image,,9.0
2620.0,1373.0928039550781,574.8203945159912,0.5309178829193115,0.397971898317337,0.5363643765449524,0.3991808295249939,2.847518920898437,2.7192840576171875,Fixation,1375.0792290182674,577.8307493995218,268.0,12.0,True,21,image,,9.0
2624.0,1382.6130676269531,571.1789417266846,0.5284480452537537,0.3948611915111542,0.5400832295417786,0.3966520428657532,2.8533935546875,2.7271881103515625,Fixation,1375.0792290182674,577.8307493995218,268.0,12.0,True,21,image,,9.0
2628.0,1369.9803161621094,565.1569318771362,0.5311887860298157,0.4022107720375061,0.535148561000824,0.3924700915813446,2.869476318359375,2.7124176025390625,Fixation,1375.0792290182674,577.8307493995218,268.0,12.0,True,21,image,,9.0
2632.0,1371.0734558105469,584.4915819168091,0.5296860337257385,0.3890291154384613,0.5355755686759949,0.405896931886673,2.8276824951171875,2.7395477294921875,Fixation,1375.0792290182674,577.8307493995218,268.0,12.0,True,21,image,,9.0
2636.0,1373.8475036621094,584.1151285171509,0.53287273645401,0.3991963267326355,0.5366591811180115,0.4056355059146881,2.851318359375,2.728424072265625,Fixation,1375.0792290182674,577.8307493995218,268.0,12.0,True,21,image,,9.0
2640.0,1378.4681701660156,587.7605724334717,0.5331369042396545,0.4014450907707214,0.5384641289710999,0.4081670641899109,2.8507843017578125,2.7410888671875,Fixation,1375.0792290182674,577.8307493995218,268.0,12.0,True,21,image,,9.0
2644.0,1374.1986083984375,574.4674587249756,0.5291190147399902,0.4116867482662201,0.5367963314056396,0.3989357352256775,2.8640594482421875,2.727279663085937,Fixation,1375.0792290182674,577.8307493995218,268.0,12.0,True,21,image,,9.0
2648.0,1379.6116638183594,570.102024078369,0.529426097869873,0.4041484296321869,0.5389108061790466,0.3959041833877563,2.8679351806640625,2.7152557373046875,Fixation,1375.0792290182674,577.8307493995218,268.0,12.0,True,21,image,,9.0
2652.0,1381.6799926757812,580.1059770584106,0.5345067381858826,0.4027622044086456,0.539718747138977,0.4028513729572296,2.8578338623046875,2.734481811523437,Fixation,1375.0792290182674,577.8307493995218,268.0,12.0,True,21,image,,9.0
2656.0,1373.3274841308594,577.143359184265,0.5329493880271912,0.4031456410884857,0.5364560484886169,0.4007939994335174,2.8590240478515625,2.72210693359375,Fixation,1375.0792290182674,577.8307493995218,268.0,12.0,True,21,image,,9.0
2660.0,1369.1767883300781,579.7822237014769,0.5304432511329651,0.3912816941738128,0.5348346829414368,0.4026265442371368,2.8569793701171875,2.721176147460937,Fixation,1375.0792290182674,577.8307493995218,268.0,12.0,True,21,image,,9.0
2664.0,1376.190185546875,573.4709215164185,0.5326916575431824,0.3960078358650207,0.537574291229248,0.3982436954975128,2.824798583984375,2.705078125,Fixation,1375.0792290182674,577.8307493995218,268.0,12.0,True,21,image,,9.0
2668.0,1375.4177856445312,583.9054012298583,0.533013641834259,0.4040946960449219,0.537272572517395,0.4054898619651794,2.8519744873046875,2.718536376953125,Fixation,1375.0792290182674,577.8307493995218,268.0,12.0,True,21,image,,9.0
2672.0,1378.47412109375,581.296706199646,0.5312045216560364,0.4019030332565307,0.5384664535522461,0.4036782681941986,2.84283447265625,2.712387084960937,Fixation,1375.0792290182674,577.8307493995218,268.0,12.0,True,21,image,,9.0
2676.0,1380.1080322265625,544.8935079574584,0.5347729921340942,0.3869428932666778,0.539104700088501,0.3783982694149017,2.837615966796875,2.6789093017578125,Fixation,1375.0792290182674,577.8307493995218,268.0,12.0,True,21,image,,9.0
2680.0,1390.3709411621094,605.7952737808228,0.5423766374588013,0.4214425086975097,0.543113648891449,0.4206911623477936,2.846908569335937,2.704620361328125,Fixation,1375.0792290182674,577.8307493995218,268.0,12.0,True,21,image,,9.0
2684.0,1468.1697082519531,592.9695510864257,0.5587258338928223,0.417578637599945,0.5735037922859192,0.4117844104766845,2.8220672607421875,2.6630401611328125,Saccade,,,,0.0,False,22,,,
2688.0,1498.3793640136719,613.0574512481688,0.5731250643730164,0.4201623201370239,0.5853044390678406,0.4257343411445617,2.77911376953125,2.65106201171875,Saccade,,,,0.0,False,22,,,
2692.0,1504.0707397460938,616.5797281265258,0.5840367674827576,0.4472455084323883,0.5875276327133179,0.4281803667545318,2.8209991455078125,2.632659912109375,Saccade,,,,0.0,False,22,,,
2696.0,1522.6475524902344,652.7286958694457,0.590716540813446,0.4461881518363952,0.5947842001914978,0.453283816576004,2.7714996337890625,2.641143798828125,Saccade,,,,0.0,False,22,,,
2700.0,1549.8782348632812,633.1679677963257,0.5914151072502136,0.4608922898769378,0.6054211854934692,0.4396999776363373,2.7709197998046875,2.584930419921875,Saccade,,,,0.0,False,22,,,
2704.0,1561.7045593261719,714.1330432891846,0.5991806983947754,0.4906231462955475,0.6100408434867859,0.4959257245063782,2.7503662109375,2.627685546875,Saccade,,,,0.0,False,22,,,
2708.0,1566.2712097167969,743.9662456512451,0.6082206964492798,0.5090973973274231,0.6118246912956238,0.516643226146698,2.754135131835937,2.6098785400390625,Saccade,,,,0.0,False,22,,,
2712.0,1581.5127563476562,774.6738910675049,0.6143779754638672,0.5496020317077637,0.6177784204483032,0.5379679799079895,2.7613525390625,2.593780517578125,Saccade,,,,0.0,False,22,,,
2716.0,1582.861328125,819.2116069793701,0.605720043182373,0.5760287642478943,0.6183052062988281,0.5688969492912292,2.7682342529296875,2.609481811523437,Saccade,,,,0.0,False,22,,,
2720.0,1548.1317138671875,854.826192855835,0.6054887771606445,0.6125248074531555,0.6047389507293701,0.5936293005943298,2.7681427001953125,2.597152709960937,Saccade,,,,0.0,False,22,,,
2724.0,1543.9631652832031,891.1332607269287,0.5986249446868896,0.631023108959198,0.6031106114387512,0.6188425421714783,2.763778686523437,2.590301513671875,Saccade,,,,0.0,False,22,,,
2728.0,1560.684814453125,952.5163650512695,0.6028491854667664,0.6709556579589844,0.609642505645752,0.6614696979522705,2.7769317626953125,2.610580444335937,Saccade,,,,0.0,False,22,,,
2732.0,1578.1770324707031,987.330493927002,0.6074236035346985,0.6985127925872803,0.6164754033088684,0.6856461763381958,2.778778076171875,2.5924530029296875,Fixation,1576.5073338421907,1070.0279084769163,180.0,13.0,True,23,word,some,6.0
2736.0,1579.8577880859375,1001.4750480651855,0.6075746417045593,0.7176894545555115,0.6171319484710693,0.6954687833786011,2.7702178955078125,2.57635498046875,Fixation,1576.5073338421907,1070.0279084769163,180.0,13.0,True,23,word,some,6.0
2740.0,1576.1747741699219,1035.548973083496,0.6072099208831787,0.7348851561546326,0.6156932711601257,0.7191312313079834,2.7483062744140625,2.58099365234375,Fixation,1576.5073338421907,1070.0279084769163,180.0,13.0,True,23,word,some,6.0
2744.0,1573.9369201660156,1056.3040351867676,0.605614185333252,0.7581915259361267,0.6148191094398499,0.7335444688796997,2.744415283203125,2.5645751953125,Fixation,1576.5073338421907,1070.0279084769163,180.0,13.0,True,23,word,some,6.0
2748.0,1560.5397033691406,1071.9109725952148,0.5977467894554138,0.7572248578071594,0.6095858216285706,0.7443826198577881,2.7505340576171875,2.597763061523437,Fixation,1576.5073338421907,1070.0279084769163,180.0,13.0,True,23,word,some,6.0
2752.0,1583.1246948242188,1079.3566131591797,0.6034175157546997,0.7511964440345764,0.6184080839157104,0.7495532035827637,2.765380859375,2.59130859375,Fixation,1576.5073338421907,1070.0279084769163,180.0,13.0,True,23,word,some,6.0
2756.0,1578.1416320800781,1060.6430339813232,0.6037788987159729,0.7474653720855713,0.6164615750312805,0.73655766248703,2.743621826171875,2.566497802734375,Fixation,1576.5073338421907,1070.0279084769163,180.0,13.0,True,23,word,some,6.0
2760.0,1563.2792663574219,1058.8932037353516,0.5990142822265625,0.7465978264808655,0.6106559634208679,0.7353425025939941,2.7672271728515625,2.5820465087890625,Fixation,1576.5073338421907,1070.0279084769163,180.0,13.0,True,23,word,some,6.0
2764.0,1567.9861450195312,1053.927297592163,0.6057533025741577,0.7455107569694519,0.6124945878982544,0.7318939566612244,2.7635650634765625,2.575103759765625,Fixation,1576.5073338421907,1070.0279084769163,180.0,13.0,True,23,word,some,6.0
2768.0,1580.4435729980469,1060.4732608795166,0.6013424396514893,0.7449458837509155,0.6173607707023621,0.7364397644996643,2.747055053710937,2.567169189453125,Fixation,1576.5073338421907,1070.0279084769163,180.0,13.0,True,23,word,some,6.0
2772.0,1575.9979248046875,1065.102367401123,0.6052691340446472,0.7497259974479675,0.615624189376831,0.7396544218063354,2.7626953125,2.58184814453125,Fixation,1576.5073338421907,1070.0279084769163,180.0,13.0,True,23,word,some,6.0
2776.0,1559.9125671386719,1079.7807884216309,0.6036707162857056,0.7487084865570068,0.6093408465385437,0.7498477697372437,2.7715301513671875,2.5816650390625,Fixation,1576.5073338421907,1070.0279084769163,180.0,13.0,True,23,word,some,6.0
2780.0,1581.9805908203125,1060.1542282104492,0.6000577807426453,0.749290406703949,0.6179611682891846,0.7362182140350342,2.764190673828125,2.570831298828125,Fixation,1576.5073338421907,1070.0279084769163,180.0,13.0,True,23,word,some,6.0
2784.0,1578.9218139648438,1063.0598545074463,0.6046313047409058,0.7504211664199829,0.6167663335800171,0.7382360100746155,2.74951171875,2.574737548828125,Fixation,1576.5073338421907,1070.0279084769163,180.0,13.0,True,23,word,some,6.0
2788.0,1578.4358215332031,1067.101879119873,0.6059757471084595,0.7574148774147034,0.6165764927864075,0.741042971611023,2.7638702392578125,2.5778350830078125,Fixation,1576.5073338421907,1070.0279084769163,180.0,13.0,True,23,word,some,6.0
2792.0,1575.2659606933594,1066.441411972046,0.6123025417327881,0.7517826557159424,0.6153382658958435,0.7405843138694763,2.74102783203125,2.57257080078125,Fixation,1576.5073338421907,1070.0279084769163,180.0,13.0,True,23,word,some,6.0
2796.0,1576.1225891113281,1067.9415607452393,0.6045219302177429,0.7477041482925415,0.6156728863716125,0.7416260838508606,2.7503662109375,2.562957763671875,Fixation,1576.5073338421907,1070.0279084769163,180.0,13.0,True,23,word,some,6.0
2800.0,1574.2546081542969,1067.0238590240479,0.6081196069717407,0.751645565032959,0.6149432063102722,0.7409887909889221,2.748260498046875,2.5641632080078125,Fixation,1576.5073338421907,1070.0279084769163,180.0,13.0,True,23,word,some,6.0
2804.0,1580.4766845703125,1073.6622619628906,0.606638491153717,0.7568657398223877,0.6173737049102783,0.7455987930297852,2.7510528564453125,2.5542755126953125,Fixation,1576.5073338421907,1070.0279084769163,180.0,13.0,True,23,word,some,6.0
2808.0,1580.3804016113281,1072.0521640777588,0.6113203763961792,0.7510624527931213,0.617336094379425,0.7444806694984436,2.743011474609375,2.5542144775390625,Fixation,1576.5073338421907,1070.0279084769163,180.0,13.0,True,23,word,some,6.0
2812.0,1571.4033508300781,1087.0662689208984,0.6042042374610901,0.7553851008415222,0.6138294339179993,0.7549071311950684,2.7528533935546875,2.5566558837890625,Fixation,1576.5073338421907,1070.0279084769163,180.0,13.0,True,23,word,some,6.0
2816.0,1566.8038940429688,1071.2505912780762,0.6046244502067566,0.7560113072395325,0.6120327711105347,0.7439240217208862,2.7392578125,2.554595947265625,Fixation,1576.5073338421907,1070.0279084769163,180.0,13.0,True,23,word,some,6.0
2820.0,1577.3983764648438,1066.0606670379639,0.6106258034706116,0.7507101893424988,0.6161712408065796,0.7403199076652527,2.7445526123046875,2.5641632080078125,Fixation,1576.5073338421907,1070.0279084769163,180.0,13.0,True,23,word,some,6.0
2824.0,1566.9087219238281,1084.249906539917,0.6057613492012024,0.7532301545143127,0.6120737195014954,0.7529513239860535,2.732879638671875,2.572235107421875,Fixation,1576.5073338421907,1070.0279084769163,180.0,13.0,True,23,word,some,6.0
2828.0,1568.3201599121094,1076.804780960083,0.6064974069595337,0.7585762739181519,0.6126250624656677,0.7477810978889465,2.73577880859375,2.5750885009765625,Fixation,1576.5073338421907,1070.0279084769163,180.0,13.0,True,23,word,some,6.0
2832.0,1580.3144836425781,1066.906099319458,0.6081193089485168,0.7565794587135315,0.6173103451728821,0.7409070134162903,2.7367095947265625,2.562484741210937,Fixation,1576.5073338421907,1070.0279084769163,180.0,13.0,True,23,word,some,6.0
2836.0,1557.9986572265625,1080.2806663513184,0.6030489206314087,0.755894660949707,0.608593225479126,0.7501949071884155,2.74615478515625,2.568328857421875,Fixation,1576.5073338421907,1070.0279084769163,180.0,13.0,True,23,word,some,6.0
2840.0,1571.8751525878906,1082.5982666015625,0.6040844917297363,0.7614185214042664,0.6140137314796448,0.7518043518066406,2.7461395263671875,2.5930938720703125,Fixation,1576.5073338421907,1070.0279084769163,180.0,13.0,True,23,word,some,6.0
2844.0,1573.3218383789062,1081.9568538665771,0.6053929924964905,0.756046712398529,0.6145788431167603,0.7513589262962341,2.73699951171875,2.565643310546875,Fixation,1576.5073338421907,1070.0279084769163,180.0,13.0,True,23,word,some,6.0
2848.0,1571.2040710449219,1077.4676513671875,0.606085479259491,0.7541300654411316,0.6137515902519226,0.7482414245605469,2.726409912109375,2.5732879638671875,Fixation,1576.5073338421907,1070.0279084769163,180.0,13.0,True,23,word,some,6.0
2852.0,1587.02392578125,1077.4584674835205,0.604582667350769,0.7503201961517334,0.6199312210083008,0.7482350468635559,2.738433837890625,2.553436279296875,Fixation,1576.5073338421907,1070.0279084769163,180.0,13.0,True,23,word,some,6.0
2856.0,1563.4513854980469,1078.7284183502197,0.606475293636322,0.7627053260803223,0.6107231974601746,0.7491169571876526,2.732177734375,2.5712127685546875,Fixation,1576.5073338421907,1070.0279084769163,180.0,13.0,True,23,word,some,6.0
2860.0,1574.3333435058594,1079.9520206451416,0.6018792986869812,0.753257691860199,0.6149739623069763,0.7499666810035706,2.7412109375,2.5540924072265625,Fixation,1576.5073338421907,1070.0279084769163,180.0,13.0,True,23,word,some,6.0
2864.0,1563.3218383789062,1085.7942581176758,0.6011039018630981,0.7570064663887024,0.6106725931167603,0.7540237903594971,2.7451934814453125,2.56298828125,Fixation,1576.5073338421907,1070.0279084769163,180.0,13.0,True,23,word,some,6.0
2868.0,1569.9958801269531,1079.7884273529053,0.6003618836402893,0.7593591809272766,0.6132796406745911,0.7498530745506287,2.7467803955078125,2.5514373779296875,Fixation,1576.5073338421907,1070.0279084769163,180.0,13.0,True,23,word,some,6.0
2872.0,1575.8033752441406,1075.9426975250244,0.6009611487388611,0.7578584551811218,0.6155481934547424,0.7471824288368225,2.7509918212890625,2.5469970703125,Fixation,1576.5073338421907,1070.0279084769163,180.0,13.0,True,23,word,some,6.0
2876.0,1569.0718078613281,1080.8870601654053,0.6070501804351807,0.7618957757949829,0.6129186749458313,0.7506160140037537,2.76068115234375,2.5628662109375,Fixation,1576.5073338421907,1070.0279084769163,180.0,13.0,True,23,word,some,6.0
2880.0,1560.2525329589844,1079.5398616790771,0.599418580532074,0.760799765586853,0.6094736456871033,0.7496804594993591,2.7450714111328125,2.559310913085937,Fixation,1576.5073338421907,1070.0279084769163,180.0,13.0,True,23,word,some,6.0
2884.0,1568.55712890625,1086.029348373413,0.6038123369216919,0.7531449198722839,0.6127176284790039,0.7541870474815369,2.7431640625,2.5609588623046875,Fixation,1576.5073338421907,1070.0279084769163,180.0,13.0,True,23,word,some,6.0
2888.0,1561.6163635253906,1076.4413738250732,0.6053192615509033,0.7551522254943848,0.6100063920021057,0.7475287318229675,2.721786499023437,2.5702362060546875,Fixation,1576.5073338421907,1070.0279084769163,180.0,13.0,True,23,word,some,6.0
2892.0,1573.5795593261719,1074.3905353546143,0.6056633591651917,0.7609239816665649,0.6146795153617859,0.7461045384407043,2.763290405273437,2.54888916015625,Fixation,1576.5073338421907,1070.0279084769163,180.0,13.0,True,23,word,some,6.0
2896.0,1577.7908325195312,1084.7483253479004,0.6024380922317505,0.7583335041999817,0.6163245439529419,0.7532974481582642,2.74920654296875,2.5608367919921875,Fixation,1576.5073338421907,1070.0279084769163,180.0,13.0,True,23,word,some,6.0
2900.0,1568.2525634765625,1085.2397918701172,0.6063756942749023,0.7603620886802673,0.6125986576080322,0.753638744354248,2.763916015625,2.56829833984375,Fixation,1576.5073338421907,1070.0279084769163,180.0,13.0,True,23,word,some,6.0
2904.0,1601.0511779785156,1082.488660812378,0.6125273704528809,0.762151300907135,0.6254106163978577,0.7517282366752625,2.746337890625,2.559722900390625,Fixation,1576.5073338421907,1070.0279084769163,180.0,13.0,True,23,word,some,6.0
2908.0,1639.5591735839844,1082.054786682129,0.6271446347236633,0.7654094099998474,0.6404528021812439,0.7514269351959229,2.7682037353515625,2.565704345703125,Fixation,1576.5073338421907,1070.0279084769163,180.0,13.0,True,23,word,some,6.0
2912.0,1659.4009399414062,1094.5128536224365,0.6439915299415588,0.7660897970199585,0.6482034921646118,0.7600783705711365,2.759674072265625,2.5621490478515625,Fixation,1576.5073338421907,1070.0279084769163,180.0,13.0,True,23,word,some,6.0
2916.0,1672.4458312988281,1090.6927013397217,0.6495907306671143,0.7627296447753906,0.6532991528511047,0.7574254870414734,2.746429443359375,2.5628204345703125,Fixation,1652.844295501709,1080.62190502882,124.0,14.0,True,24,word,some,6.0
2920.0,1651.1880493164062,1079.0119171142578,0.6431532502174377,0.7606272101402283,0.6449953317642212,0.7493138313293457,2.758148193359375,2.546722412109375,Fixation,1652.844295501709,1080.62190502882,124.0,14.0,True,24,word,some,6.0
2924.0,1650.3697204589844,1082.3614597320557,0.6448550224304199,0.7631049752235413,0.6446756720542908,0.7516399025917053,2.75543212890625,2.562103271484375,Fixation,1652.844295501709,1080.62190502882,124.0,14.0,True,24,word,some,6.0
2928.0,1662.7156066894531,1084.3476676940918,0.6439778804779053,0.761171817779541,0.6494982838630676,0.7530192136764526,2.748565673828125,2.5425262451171875,Fixation,1652.844295501709,1080.62190502882,124.0,14.0,True,24,word,some,6.0
2932.0,1644.1934204101562,1082.085943222046,0.6389249563217163,0.7593237161636353,0.6422630548477173,0.7514485716819763,2.752716064453125,2.57769775390625,Fixation,1652.844295501709,1080.62190502882,124.0,14.0,True,24,word,some,6.0
2936.0,1650.6834411621094,1082.797565460205,0.6454325318336487,0.7635478973388672,0.644798219203949,0.7519427537918091,2.770843505859375,2.5653228759765625,Fixation,1652.844295501709,1080.62190502882,124.0,14.0,True,24,word,some,6.0
2940.0,1655.6207275390625,1070.7236766815186,0.6379695534706116,0.7617647051811218,0.6467268466949463,0.7435581088066101,2.77044677734375,2.551620483398437,Fixation,1652.844295501709,1080.62190502882,124.0,14.0,True,24,word,some,6.0
2944.0,1654.620361328125,1079.9184608459473,0.6461028456687927,0.7659170031547546,0.6463360786437988,0.7499433755874634,2.764755249023437,2.561431884765625,Fixation,1652.844295501709,1080.62190502882,124.0,14.0,True,24,word,some,6.0
2948.0,1642.5592041015625,1068.8081073760986,0.6385830640792847,0.763698935508728,0.6416246891021729,0.7422278523445129,2.773773193359375,2.554046630859375,Fixation,1652.844295501709,1080.62190502882,124.0,14.0,True,24,word,some,6.0
2952.0,1649.1049194335938,1085.8379459381104,0.6426678895950317,0.7678903937339783,0.6441816091537476,0.7540541291236877,2.7586822509765625,2.578399658203125,Fixation,1652.844295501709,1080.62190502882,124.0,14.0,True,24,word,some,6.0
2956.0,1644.0716552734375,1078.7412071228027,0.6427578330039978,0.7676332592964172,0.6422154903411865,0.7491258382797241,2.7487945556640625,2.5610809326171875,Fixation,1652.844295501709,1080.62190502882,124.0,14.0,True,24,word,some,6.0
2960.0,1648.9498901367188,1081.3315773010254,0.639581024646759,0.7622992396354675,0.6441210508346558,0.7509247064590454,2.7589874267578125,2.5639801025390625,Fixation,1652.844295501709,1080.62190502882,124.0,14.0,True,24,word,some,6.0
2964.0,1655.6867980957031,1082.0392513275146,0.6457961201667786,0.7624825239181519,0.646752655506134,0.7514161467552185,2.7607421875,2.563583374023437,Fixation,1652.844295501709,1080.62190502882,124.0,14.0,True,24,word,some,6.0
2968.0,1655.8609008789062,1078.423376083374,0.6409996151924133,0.7643086314201355,0.6468206644058228,0.7489051222801208,2.7712860107421875,2.5559234619140625,Fixation,1652.844295501709,1080.62190502882,124.0,14.0,True,24,word,some,6.0
2972.0,1637.4090576171875,1071.3149642944336,0.6435335874557495,0.7590075731277466,0.6396129131317139,0.7439687252044678,2.750106811523437,2.573577880859375,Fixation,1652.844295501709,1080.62190502882,124.0,14.0,True,24,word,some,6.0
2976.0,1653.1324768066406,1074.4653797149658,0.6392887234687805,0.7601267099380493,0.645754873752594,0.7461565136909485,2.760589599609375,2.555389404296875,Fixation,1652.844295501709,1080.62190502882,124.0,14.0,True,24,word,some,6.0
2980.0,1648.1181335449219,1089.4684982299805,0.6405217051506042,0.7708668112754822,0.6437961459159851,0.756575345993042,2.7703857421875,2.55908203125,Fixation,1652.844295501709,1080.62190502882,124.0,14.0,True,24,word,some,6.0
2984.0,1646.2129211425781,1093.1167316436768,0.6424304842948914,0.7670274376869202,0.6430519223213196,0.75910884141922,2.7487030029296875,2.58343505859375,Fixation,1652.844295501709,1080.62190502882,124.0,14.0,True,24,word,some,6.0
2988.0,1634.7879028320312,1078.4203720092773,0.6386224627494812,0.7697312235832214,0.6385890245437622,0.7489030361175537,2.770004272460937,2.5665435791015625,Fixation,1652.844295501709,1080.62190502882,124.0,14.0,True,24,word,some,6.0
2992.0,1651.0760498046875,1088.177261352539,0.6399118900299072,0.7660189867019653,0.644951581954956,0.755678653717041,2.772811889648437,2.56854248046875,Fixation,1652.844295501709,1080.62190502882,124.0,14.0,True,24,word,some,6.0
2996.0,1658.0366516113281,1088.8449382781982,0.6327115893363953,0.757337749004364,0.647670567035675,0.7561423182487488,2.771881103515625,2.5616455078125,Fixation,1652.844295501709,1080.62190502882,124.0,14.0,True,24,word,some,6.0
3000.0,1661.7533874511719,1077.5200939178467,0.6381074786186218,0.768938422203064,0.649122416973114,0.7482778429985046,2.77099609375,2.561752319335937,Fixation,1652.844295501709,1080.62190502882,124.0,14.0,True,24,word,some,6.0
3004.0,1662.403564453125,1078.6985492706299,0.6397364735603333,0.7664074897766113,0.649376392364502,0.7490962147712708,2.7881011962890625,2.5550537109375,Fixation,1652.844295501709,1080.62190502882,124.0,14.0,True,24,word,some,6.0
3008.0,1657.6893615722656,1087.7173805236816,0.6386377811431885,0.7680127620697021,0.6475349068641663,0.7553592920303345,2.782318115234375,2.5953369140625,Fixation,1652.844295501709,1080.62190502882,124.0,14.0,True,24,word,some,6.0
3012.0,1645.6204223632812,1086.451120376587,0.6395391821861267,0.7630544900894165,0.6428204774856567,0.7544799447059631,2.7446746826171875,2.5858917236328125,Fixation,1652.844295501709,1080.62190502882,124.0,14.0,True,24,word,some,6.0
3016.0,1669.9000549316406,1077.61399269104,0.6418495774269104,0.7705472707748413,0.6523047089576721,0.7483430504798889,2.760482788085937,2.5612335205078125,Fixation,1652.844295501709,1080.62190502882,124.0,14.0,True,24,word,some,6.0
3020.0,1652.3774719238281,1071.0706043243408,0.635692298412323,0.7672033905982971,0.6454599499702454,0.7437990307807922,2.759872436523437,2.573516845703125,Fixation,1652.844295501709,1080.62190502882,124.0,14.0,True,24,word,some,6.0
3024.0,1648.3786010742188,1076.596040725708,0.6462775468826294,0.7684158682823181,0.6438978910446167,0.7476361393928528,2.735092163085937,2.58740234375,Fixation,1652.844295501709,1080.62190502882,124.0,14.0,True,24,word,some,6.0
3028.0,1641.8099975585938,1085.2684593200684,0.6438001990318298,0.7687002420425415,0.6413320302963257,0.753658652305603,2.7464141845703125,2.5918731689453125,Fixation,1652.844295501709,1080.62190502882,124.0,14.0,True,24,word,some,6.0
3032.0,1647.9090881347656,1074.2040252685547,0.6404201984405518,0.7642635703086853,0.6437144875526428,0.7459750175476074,2.775253295898437,2.5791473388671875,Fixation,1652.844295501709,1080.62190502882,124.0,14.0,True,24,word,some,6.0
3036.0,1664.0614318847656,1073.514804840088,0.6388046741485596,0.7627755999565125,0.6500239968299866,0.745496392250061,2.7627410888671875,2.559310913085937,Fixation,1652.844295501709,1080.62190502882,124.0,14.0,True,24,word,some,6.0
3040.0,1672.2703552246094,1080.3168869018555,0.6490200757980347,0.7694165110588074,0.653230607509613,0.7502200603485107,2.775238037109375,2.570709228515625,Fixation,1652.844295501709,1080.62190502882,124.0,14.0,True,24,word,some,6.0
3044.0,1736.4421081542969,1072.2865676879883,0.6643171906471252,0.7682220339775085,0.6782976984977722,0.7446434497833252,2.778778076171875,2.568389892578125,Fixation,1817.3212820584656,1084.6621977696652,240.0,15.0,True,25,word,slices,8.0
3048.0,1772.3434448242188,1094.1311645507812,0.6874591708183289,0.7730789184570312,0.6923216581344604,0.7598133087158203,2.79376220703125,2.5943145751953125,Fixation,1817.3212820584656,1084.6621977696652,240.0,15.0,True,25,word,slices,8.0
3052.0,1796.9427490234375,1095.4128742218018,0.6954065561294556,0.7730932235717773,0.7019307613372803,0.7607033848762512,2.774810791015625,2.5814208984375,Fixation,1817.3212820584656,1084.6621977696652,240.0,15.0,True,25,word,slices,8.0
3056.0,1818.6708068847656,1082.8907775878906,0.7026177644729614,0.7761348485946655,0.7104182839393616,0.7520074844360352,2.78460693359375,2.585174560546875,Fixation,1817.3212820584656,1084.6621977696652,240.0,15.0,True,25,word,slices,8.0
3060.0,1831.044921875,1082.8797912597656,0.7058625817298889,0.7633905410766602,0.7152519226074219,0.7519998550415039,2.7770538330078125,2.565399169921875,Fixation,1817.3212820584656,1084.6621977696652,240.0,15.0,True,25,word,slices,8.0
3064.0,1819.5155334472656,1087.8820037841797,0.7072793245315552,0.7666460275650024,0.7107482552528381,0.7554736137390137,2.7965545654296875,2.5844879150390625,Fixation,1817.3212820584656,1084.6621977696652,240.0,15.0,True,25,word,slices,8.0
3068.0,1811.5269470214844,1093.7961673736572,0.6988300085067749,0.771445631980896,0.7076277136802673,0.759580671787262,2.7894439697265625,2.58349609375,Fixation,1817.3212820584656,1084.6621977696652,240.0,15.0,True,25,word,slices,8.0
3072.0,1825.1301574707031,1096.2834548950195,0.699388325214386,0.7728403210639954,0.7129414677619934,0.761307954788208,2.80120849609375,2.572494506835937,Fixation,1817.3212820584656,1084.6621977696652,240.0,15.0,True,25,word,slices,8.0
3076.0,1821.2480163574219,1080.8281803131104,0.702965259552002,0.7623997330665588,0.7114250063896179,0.7505751252174377,2.7786407470703125,2.5827789306640625,Fixation,1817.3212820584656,1084.6621977696652,240.0,15.0,True,25,word,slices,8.0
3080.0,1828.0389404296875,1088.9717960357666,0.6962920427322388,0.7757164835929871,0.7140777111053467,0.7562304139137268,2.7847442626953125,2.57440185546875,Fixation,1817.3212820584656,1084.6621977696652,240.0,15.0,True,25,word,slices,8.0
3084.0,1830.4881286621094,1094.698247909546,0.6984369158744812,0.7715927958488464,0.7150344252586365,0.7602071166038513,2.805877685546875,2.5940399169921875,Fixation,1817.3212820584656,1084.6621977696652,240.0,15.0,True,25,word,slices,8.0
3088.0,1822.4082946777344,1090.2068138122559,0.7035620212554932,0.768125057220459,0.71187824010849,0.7570880651473999,2.7841033935546875,2.564727783203125,Fixation,1817.3212820584656,1084.6621977696652,240.0,15.0,True,25,word,slices,8.0
3092.0,1810.4447937011719,1094.8991775512695,0.6957938075065613,0.7684089541435242,0.7072049975395203,0.7603466510772705,2.7755584716796875,2.595855712890625,Fixation,1817.3212820584656,1084.6621977696652,240.0,15.0,True,25,word,slices,8.0
3096.0,1830.7815551757812,1097.1617603302002,0.7030032277107239,0.7621097564697266,0.7151490449905396,0.7619178891181946,2.7627716064453125,2.584716796875,Fixation,1817.3212820584656,1084.6621977696652,240.0,15.0,True,25,word,slices,8.0
3100.0,1824.32861328125,1090.729866027832,0.7033489942550659,0.764786422252655,0.7126283645629883,0.7574512958526611,2.7852020263671875,2.574081420898437,Fixation,1817.3212820584656,1084.6621977696652,240.0,15.0,True,25,word,slices,8.0
3104.0,1825.8415222167969,1088.1697082519531,0.7013058066368103,0.7581255435943604,0.7132193446159363,0.7556734085083008,2.7593536376953125,2.5858306884765625,Fixation,1817.3212820584656,1084.6621977696652,240.0,15.0,True,25,word,slices,8.0
3108.0,1819.705810546875,1088.2245540618896,0.7017625570297241,0.7766153216362,0.710822582244873,0.7557114958763123,2.78851318359375,2.586761474609375,Fixation,1817.3212820584656,1084.6621977696652,240.0,15.0,True,25,word,slices,8.0
3112.0,1819.5498657226562,1083.2868003845215,0.7079406976699829,0.7635236978530884,0.7107616662979126,0.7522825002670288,2.7964324951171875,2.5916900634765625,Fixation,1817.3212820584656,1084.6621977696652,240.0,15.0,True,25,word,slices,8.0
3116.0,1819.4741821289062,1085.2760124206543,0.7041510939598083,0.7631593942642212,0.710732102394104,0.7536638975143433,2.7930450439453125,2.593505859375,Fixation,1817.3212820584656,1084.6621977696652,240.0,15.0,True,25,word,slices,8.0
3120.0,1820.5989074707031,1078.7681579589844,0.7051446437835693,0.7645242810249329,0.7111714482307434,0.7491445541381836,2.781112670898437,2.59033203125,Fixation,1817.3212820584656,1084.6621977696652,240.0,15.0,True,25,word,slices,8.0
3124.0,1832.2509765625,1080.0190544128418,0.7029937505722046,0.7675366401672363,0.7157230377197266,0.7500132322311401,2.805526733398437,2.6001129150390625,Fixation,1817.3212820584656,1084.6621977696652,240.0,15.0,True,25,word,slices,8.0
3128.0,1829.4161987304688,1088.4515762329102,0.7003045678138733,0.7664540410041809,0.7146157026290894,0.7558691501617432,2.8120269775390625,2.581787109375,Fixation,1817.3212820584656,1084.6621977696652,240.0,15.0,True,25,word,slices,8.0
3132.0,1823.8629150390625,1073.9210414886475,0.7068724632263184,0.7681382894515991,0.7124464511871338,0.745778501033783,2.7706756591796875,2.5913238525390625,Fixation,1817.3212820584656,1084.6621977696652,240.0,15.0,True,25,word,slices,8.0
3136.0,1817.6931762695312,1081.6716384887695,0.7053826451301575,0.7688334584236145,0.7100363969802856,0.7511608600616455,2.7823944091796875,2.598739624023437,Fixation,1817.3212820584656,1084.6621977696652,240.0,15.0,True,25,word,slices,8.0
3140.0,1815.7243347167969,1094.2102146148682,0.7031457424163818,0.7629992961883545,0.7092673182487488,0.7598682045936584,2.7782135009765625,2.60614013671875,Fixation,1817.3212820584656,1084.6621977696652,240.0,15.0,True,25,word,slices,8.0
3144.0,1823.2807922363281,1086.4613342285156,0.7016737461090088,0.7654065489768982,0.7122190594673157,0.7544870376586914,2.7892303466796875,2.584091186523437,Fixation,1817.3212820584656,1084.6621977696652,240.0,15.0,True,25,word,slices,8.0
3148.0,1820.7302856445312,1092.9311656951904,0.7078116536140442,0.7647224068641663,0.711222767829895,0.7589799761772156,2.7869110107421875,2.608154296875,Fixation,1817.3212820584656,1084.6621977696652,240.0,15.0,True,25,word,slices,8.0
3152.0,1832.1405029296875,1087.7180671691895,0.7065284252166748,0.7749881148338318,0.7156798839569092,0.7553597688674927,2.785980224609375,2.5953826904296875,Fixation,1817.3212820584656,1084.6621977696652,240.0,15.0,True,25,word,slices,8.0
3156.0,1826.8446350097656,1082.750186920166,0.7074828743934631,0.7685418128967285,0.7136111855506897,0.7519098520278931,2.805877685546875,2.6025543212890625,Fixation,1817.3212820584656,1084.6621977696652,240.0,15.0,True,25,word,slices,8.0
3160.0,1818.5032653808594,1086.3294982910156,0.7042938470840454,0.7730996608734131,0.7103528380393982,0.7543954849243164,2.7888946533203125,2.59393310546875,Fixation,1817.3212820584656,1084.6621977696652,240.0,15.0,True,25,word,slices,8.0
3164.0,1827.7481079101562,1080.5724048614502,0.7000762820243835,0.7686563730239868,0.7139641046524048,0.7503975033760071,2.8096160888671875,2.5900115966796875,Fixation,1817.3212820584656,1084.6621977696652,240.0,15.0,True,25,word,slices,8.0
3168.0,1827.869873046875,1080.2124309539795,0.7033624053001404,0.772659182548523,0.7140116691589355,0.7501475214958191,2.7900390625,2.58697509765625,Fixation,1817.3212820584656,1084.6621977696652,240.0,15.0,True,25,word,slices,8.0
3172.0,1820.9547424316406,1087.315092086792,0.7051414251327515,0.771112859249115,0.7113104462623596,0.7550799250602722,2.790985107421875,2.609237670898437,Fixation,1817.3212820584656,1084.6621977696652,240.0,15.0,True,25,word,slices,8.0
3176.0,1814.2918395996094,1082.0136737823486,0.6994600892066956,0.7635402679443359,0.7087077498435974,0.7513983845710754,2.792221069335937,2.62652587890625,Fixation,1817.3212820584656,1084.6621977696652,240.0,15.0,True,25,word,slices,8.0
3180.0,1819.1227722167969,1085.381498336792,0.7033470273017883,0.7778396010398865,0.7105948328971863,0.7537371516227722,2.7982330322265625,2.606552124023437,Fixation,1817.3212820584656,1084.6621977696652,240.0,15.0,True,25,word,slices,8.0
3184.0,1831.0948181152344,1074.2883110046387,0.7052987813949585,0.7679593563079834,0.7152714133262634,0.7460335493087769,2.8163604736328125,2.612091064453125,Fixation,1817.3212820584656,1084.6621977696652,240.0,15.0,True,25,word,slices,8.0
3188.0,1823.9466857910156,1078.2724857330322,0.7018626928329468,0.7759833335876465,0.7124791741371155,0.7488003373146057,2.8165283203125,2.60888671875,Fixation,1817.3212820584656,1084.6621977696652,240.0,15.0,True,25,word,slices,8.0
3192.0,1820.8876037597656,1080.8783912658691,0.7032838463783264,0.7709349989891052,0.7112842202186584,0.7506099939346313,2.808441162109375,2.60693359375,Fixation,1817.3212820584656,1084.6621977696652,240.0,15.0,True,25,word,slices,8.0
3196.0,1826.0360717773438,1079.6103286743164,0.7011822462081909,0.7661883234977722,0.7132953405380249,0.7497293949127197,2.801727294921875,2.602767944335937,Fixation,1817.3212820584656,1084.6621977696652,240.0,15.0,True,25,word,slices,8.0
3200.0,1827.0222473144531,1074.3320846557617,0.7036455273628235,0.7760875225067139,0.7136805653572083,0.7460639476776123,2.8061065673828125,2.6071929931640625,Fixation,1817.3212820584656,1084.6621977696652,240.0,15.0,True,25,word,slices,8.0
3204.0,1812.1316528320312,1088.574743270874,0.7028116583824158,0.7669958472251892,0.7078639268875122,0.7559546828269958,2.809066772460937,2.6197662353515625,Fixation,1817.3212820584656,1084.6621977696652,240.0,15.0,True,25,word,slices,8.0
3208.0,1831.4701843261719,1079.111566543579,0.7034417986869812,0.7685422897338867,0.7154180407524109,0.7493830323219299,2.81005859375,2.6048736572265625,Fixation,1817.3212820584656,1084.6621977696652,240.0,15.0,True,25,word,slices,8.0
3212.0,1822.3350524902344,1084.2690467834473,0.7017449736595154,0.7749201655387878,0.7118496298789978,0.7529646158218384,2.8178253173828125,2.616851806640625,Fixation,1817.3212820584656,1084.6621977696652,240.0,15.0,True,25,word,slices,8.0
3216.0,1827.6824951171875,1090.720682144165,0.6987923383712769,0.7732649445533752,0.7139384746551514,0.7574449181556702,2.81396484375,2.6146240234375,Fixation,1817.3212820584656,1084.6621977696652,240.0,15.0,True,25,word,slices,8.0
3220.0,1819.9394226074219,1083.4042167663574,0.7002113461494446,0.7712575793266296,0.7109138369560242,0.7523640394210815,2.8115386962890625,2.623321533203125,Fixation,1817.3212820584656,1084.6621977696652,240.0,15.0,True,25,word,slices,8.0
3224.0,1816.8775939941406,1083.0977153778076,0.6978657841682434,0.7723912596702576,0.7097178101539612,0.7521511912345886,2.827850341796875,2.6289825439453125,Fixation,1817.3212820584656,1084.6621977696652,240.0,15.0,True,25,word,slices,8.0
3228.0,1811.6085815429688,1083.365592956543,0.7006722688674927,0.7712655663490295,0.7076596021652222,0.7523372173309326,2.790634155273437,2.6306610107421875,Fixation,1817.3212820584656,1084.6621977696652,240.0,15.0,True,25,word,slices,8.0
3232.0,1833.0368041992188,1084.887285232544,0.7042845487594604,0.7641919255256653,0.7160300016403198,0.7533939480781555,2.8246002197265625,2.6081695556640625,Fixation,1817.3212820584656,1084.6621977696652,240.0,15.0,True,25,word,slices,8.0
3236.0,1796.9696044921875,1081.6629695892334,0.6963383555412292,0.7723371386528015,0.7019412517547607,0.7511548399925232,2.8027496337890625,2.635406494140625,Fixation,1817.3212820584656,1084.6621977696652,240.0,15.0,True,25,word,slices,8.0
3240.0,1795.7167053222656,1085.5158233642578,0.703743040561676,0.7649468183517456,0.70145183801651,0.7538304328918457,2.806137084960937,2.646881103515625,Fixation,1817.3212820584656,1084.6621977696652,240.0,15.0,True,25,word,slices,8.0
3244.0,1818.4756469726562,1079.4174671173096,0.7009757161140442,0.7563709020614624,0.7103420495986938,0.7495954632759094,2.804183959960937,2.601425170898437,Fixation,1817.3212820584656,1084.6621977696652,240.0,15.0,True,25,word,slices,8.0
3248.0,1820.2705383300781,1084.0544700622559,0.6978612542152405,0.7709274888038635,0.7110431790351868,0.7528156042098999,2.8230133056640625,2.6123504638671875,Fixation,1817.3212820584656,1084.6621977696652,240.0,15.0,True,25,word,slices,8.0
3252.0,1804.5906066894531,1084.3567657470703,0.7008084058761597,0.767910897731781,0.7049182057380676,0.7530255317687988,2.8079986572265625,2.627349853515625,Fixation,1817.3212820584656,1084.6621977696652,240.0,15.0,True,25,word,slices,8.0
3256.0,1824.6116638183594,1082.9596996307373,0.7042664289474487,0.7637709379196167,0.7127389311790466,0.7520553469657898,2.792724609375,2.605865478515625,Fixation,1817.3212820584656,1084.6621977696652,240.0,15.0,True,25,word,slices,8.0
3260.0,1806.1091613769531,1081.3094329833984,0.6990430355072021,0.7742671370506287,0.7055113911628723,0.7509093284606934,2.822616577148437,2.6366424560546875,Fixation,1817.3212820584656,1084.6621977696652,240.0,15.0,True,25,word,slices,8.0
3264.0,1806.2614440917969,1078.1138706207275,0.7008410692214966,0.7679740786552429,0.7055708765983582,0.7486901879310608,2.799285888671875,2.620391845703125,Fixation,1817.3212820584656,1084.6621977696652,240.0,15.0,True,25,word,slices,8.0
3268.0,1810.4563903808594,1088.4072017669678,0.7013906240463257,0.7671362161636353,0.7072095274925232,0.7558383345603943,2.811920166015625,2.6330108642578125,Fixation,1817.3212820584656,1084.6621977696652,240.0,15.0,True,25,word,slices,8.0
3272.0,1794.9418640136719,1070.4945945739746,0.699634313583374,0.7625064253807068,0.7011491656303406,0.7433990240097046,2.809478759765625,2.639617919921875,Fixation,1817.3212820584656,1084.6621977696652,240.0,15.0,True,25,word,slices,8.0
3276.0,1807.471923828125,1083.3183002471924,0.7064043879508972,0.7709565758705139,0.7060437202453613,0.7523043751716614,2.8027801513671875,2.6374664306640625,Fixation,1817.3212820584656,1084.6621977696652,240.0,15.0,True,25,word,slices,8.0
3280.0,1809.2475891113281,1077.8977489471436,0.7009575963020325,0.7698582410812378,0.7067373394966125,0.7485401034355164,2.812957763671875,2.62237548828125,Fixation,1817.3212820584656,1084.6621977696652,240.0,15.0,True,25,word,slices,8.0
3284.0,1822.4461364746094,1085.330514907837,0.7074206471443176,0.7690302133560181,0.7118930220603943,0.7537017464637756,2.81005859375,2.6434783935546875,Fixation,1817.3212820584656,1084.6621977696652,240.0,15.0,True,25,word,slices,8.0
3288.0,1848.1640625,1094.3177604675293,0.711082935333252,0.7735087275505066,0.7219390869140625,0.759942889213562,2.80682373046875,2.642852783203125,Fixation,1900.8163401285808,1093.2532739639282,236.0,16.0,True,26,word,slices,8.0
3292.0,1886.3993835449219,1097.197036743164,0.7278375625610352,0.7748870849609375,0.7368747591972351,0.7619423866271973,2.8116912841796875,2.610198974609375,Fixation,1900.8163401285808,1093.2532739639282,236.0,16.0,True,26,word,slices,8.0
3296.0,1907.8028869628906,1096.631498336792,0.7349578738212585,0.7710919976234436,0.7452355027198792,0.7615496516227722,2.820297241210937,2.6355438232421875,Fixation,1900.8163401285808,1093.2532739639282,236.0,16.0,True,26,word,slices,8.0
3300.0,1915.6088256835938,1095.4056644439697,0.7404066324234009,0.7830451130867004,0.7482846975326538,0.7606983780860901,2.817123413085937,2.632781982421875,Fixation,1900.8163401285808,1093.2532739639282,236.0,16.0,True,26,word,slices,8.0
3304.0,1904.520263671875,1095.4516696929932,0.7356277704238892,0.7684060335159302,0.7439532279968262,0.7607303261756897,2.79937744140625,2.634017944335937,Fixation,1900.8163401285808,1093.2532739639282,236.0,16.0,True,26,word,slices,8.0
3308.0,1903.7059020996094,1084.4609642028809,0.7381974458694458,0.7689145803451538,0.7436351180076599,0.7530978918075562,2.8224639892578125,2.6334686279296875,Fixation,1900.8163401285808,1093.2532739639282,236.0,16.0,True,26,word,slices,8.0
3312.0,1918.3995056152344,1089.0039825439453,0.7354480028152466,0.770909309387207,0.7493748068809509,0.7562527656555176,2.8275604248046875,2.620513916015625,Fixation,1900.8163401285808,1093.2532739639282,236.0,16.0,True,26,word,slices,8.0
3316.0,1901.8629455566406,1089.0582275390625,0.7329049706459045,0.7674615383148193,0.7429152131080627,0.7562904357910156,2.8013458251953125,2.6344451904296875,Fixation,1900.8163401285808,1093.2532739639282,236.0,16.0,True,26,word,slices,8.0
3320.0,1911.1279296875,1099.4797039031982,0.7378089427947998,0.7685258984565735,0.7465343475341797,0.7635275721549988,2.8002471923828125,2.62481689453125,Fixation,1900.8163401285808,1093.2532739639282,236.0,16.0,True,26,word,slices,8.0
3324.0,1910.892333984375,1088.3339023590088,0.7347387075424194,0.7724515199661255,0.7464423179626465,0.7557874321937561,2.8146209716796875,2.623443603515625,Fixation,1900.8163401285808,1093.2532739639282,236.0,16.0,True,26,word,slices,8.0
3328.0,1907.8416442871094,1099.1552639007568,0.7366758584976196,0.7598076462745667,0.7452506422996521,0.7633022665977478,2.8072662353515625,2.634140014648437,Fixation,1900.8163401285808,1093.2532739639282,236.0,16.0,True,26,word,slices,8.0
3332.0,1907.4981689453125,1083.9779090881348,0.7355380058288574,0.7670112252235413,0.7451164722442627,0.7527624368667603,2.811065673828125,2.6125640869140625,Fixation,1900.8163401285808,1093.2532739639282,236.0,16.0,True,26,word,slices,8.0
3336.0,1899.7291564941406,1093.0828285217285,0.7347447276115417,0.7817361950874329,0.7420817017555237,0.7590852975845337,2.814071655273437,2.641448974609375,Fixation,1900.8163401285808,1093.2532739639282,236.0,16.0,True,26,word,slices,8.0
3340.0,1893.25927734375,1096.2790775299072,0.7349681258201599,0.7678987383842468,0.7395544052124023,0.7613049149513245,2.809967041015625,2.6215972900390625,Fixation,1900.8163401285808,1093.2532739639282,236.0,16.0,True,26,word,slices,8.0
3344.0,1902.7076721191406,1078.0601406097412,0.7387809753417969,0.7685067057609558,0.7432451844215393,0.7486528754234314,2.812774658203125,2.6229705810546875,Fixation,1900.8163401285808,1093.2532739639282,236.0,16.0,True,26,word,slices,8.0
3348.0,1898.116455078125,1099.691104888916,0.7338218092918396,0.7691836953163147,0.7414517402648926,0.7636743783950806,2.8052215576171875,2.640625,Fixation,1900.8163401285808,1093.2532739639282,236.0,16.0,True,26,word,slices,8.0
3352.0,1898.1631469726562,1089.9621105194092,0.740910530090332,0.7668030858039856,0.7414699792861938,0.7569181323051453,2.7945709228515625,2.630859375,Fixation,1900.8163401285808,1093.2532739639282,236.0,16.0,True,26,word,slices,8.0
3356.0,1897.6359558105469,1099.7450065612793,0.7417991161346436,0.773188054561615,0.7412640452384949,0.7637118101119995,2.78509521484375,2.656967163085937,Fixation,1900.8163401285808,1093.2532739639282,236.0,16.0,True,26,word,slices,8.0
3360.0,1903.564453125,1088.8866519927979,0.7347248196601868,0.7691330909729004,0.7435798645019531,0.7561712861061096,2.802459716796875,2.6427764892578125,Fixation,1900.8163401285808,1093.2532739639282,236.0,16.0,True,26,word,slices,8.0
3364.0,1901.4482116699219,1099.275598526001,0.7362949848175049,0.7727868556976318,0.7427532076835632,0.7633858323097229,2.80462646484375,2.63427734375,Fixation,1900.8163401285808,1093.2532739639282,236.0,16.0,True,26,word,slices,8.0
3368.0,1898.0036926269531,1097.4179649353027,0.735648512840271,0.7658423185348511,0.7414076924324036,0.7620958089828491,2.8041229248046875,2.634857177734375,Fixation,1900.8163401285808,1093.2532739639282,236.0,16.0,True,26,word,slices,8.0
3372.0,1883.3883666992188,1090.7367324829102,0.7321110367774963,0.760746419429779,0.7356985807418823,0.7574560642242432,2.8001861572265625,2.6219024658203125,Fixation,1900.8163401285808,1093.2532739639282,236.0,16.0,True,26,word,slices,8.0
3376.0,1903.9363098144531,1084.431438446045,0.7322198748588562,0.7658942341804504,0.7437251210212708,0.7530773878097534,2.803955078125,2.6269073486328125,Fixation,1900.8163401285808,1093.2532739639282,236.0,16.0,True,26,word,slices,8.0
3380.0,1908.6393737792969,1091.4416599273682,0.7386133074760437,0.7680819630622864,0.7455622553825378,0.7579455971717834,2.823089599609375,2.628936767578125,Fixation,1900.8163401285808,1093.2532739639282,236.0,16.0,True,26,word,slices,8.0
3384.0,1909.4091796875,1086.0490894317627,0.7397860884666443,0.7656769156455994,0.7458629608154297,0.7542007565498352,2.8039703369140625,2.636993408203125,Fixation,1900.8163401285808,1093.2532739639282,236.0,16.0,True,26,word,slices,8.0
3388.0,1900.4573059082031,1091.4721298217773,0.7404595017433167,0.7656686305999756,0.7423661351203918,0.7579667568206787,2.8021697998046875,2.631332397460937,Fixation,1900.8163401285808,1093.2532739639282,236.0,16.0,True,26,word,slices,8.0
3392.0,1896.3139343261719,1107.1121978759766,0.7395148277282715,0.7671945095062256,0.7407476305961609,0.7688279151916504,2.8173370361328125,2.647857666015625,Fixation,1900.8163401285808,1093.2532739639282,236.0,16.0,True,26,word,slices,8.0
3396.0,1902.5112915039062,1099.1103744506836,0.7361732721328735,0.762803316116333,0.7431684732437134,0.7632710933685303,2.792266845703125,2.64385986328125,Fixation,1900.8163401285808,1093.2532739639282,236.0,16.0,True,26,word,slices,8.0
3400.0,1905.079345703125,1102.6186180114746,0.7398536801338196,0.7708216905593872,0.7441716194152832,0.7657073736190796,2.815277099609375,2.64306640625,Fixation,1900.8163401285808,1093.2532739639282,236.0,16.0,True,26,word,slices,8.0
3404.0,1913.1547546386719,1095.003719329834,0.7369052171707153,0.7684845924377441,0.7473260760307312,0.7604192495346069,2.7952880859375,2.62457275390625,Fixation,1900.8163401285808,1093.2532739639282,236.0,16.0,True,26,word,slices,8.0
3408.0,1911.1643981933594,1095.0585651397705,0.7369223833084106,0.7624350786209106,0.746548593044281,0.7604573369026184,2.80218505859375,2.61767578125,Fixation,1900.8163401285808,1093.2532739639282,236.0,16.0,True,26,word,slices,8.0
3412.0,1901.0543823242188,1101.4270305633545,0.7321154475212097,0.7692869305610657,0.742599368095398,0.7648798823356628,2.7823486328125,2.6391143798828125,Fixation,1900.8163401285808,1093.2532739639282,236.0,16.0,True,26,word,slices,8.0
3416.0,1901.8002319335938,1095.6636714935303,0.7358610033988953,0.767177402973175,0.7428907155990601,0.7608775496482849,2.783798217773437,2.65167236328125,Fixation,1900.8163401285808,1093.2532739639282,236.0,16.0,True,26,word,slices,8.0
3420.0,1903.2345581054688,1111.4213275909424,0.7413073182106018,0.7572717666625977,0.7434509992599487,0.7718203663825989,2.796661376953125,2.632171630859375,Fixation,1900.8163401285808,1093.2532739639282,236.0,16.0,True,26,word,slices,8.0
3424.0,1902.1678161621094,1095.940990447998,0.7347725629806519,0.763164758682251,0.743034303188324,0.7610701322555542,2.793670654296875,2.6363525390625,Fixation,1900.8163401285808,1093.2532739639282,236.0,16.0,True,26,word,slices,8.0
3428.0,1890.4829406738281,1093.5489749908447,0.7337334752082825,0.7642560601234436,0.7384698987007141,0.7594090104103088,2.80224609375,2.62298583984375,Fixation,1900.8163401285808,1093.2532739639282,236.0,16.0,True,26,word,slices,8.0
3432.0,1908.8705444335938,1084.8848819732666,0.7301620244979858,0.7651774883270264,0.7456525564193726,0.7533922791481018,2.79644775390625,2.60888671875,Fixation,1900.8163401285808,1093.2532739639282,236.0,16.0,True,26,word,slices,8.0
3436.0,1902.4455261230469,1085.8624935150146,0.7370368838310242,0.7646884322166443,0.7431427836418152,0.7540711760520935,2.7826690673828125,2.61468505859375,Fixation,1900.8163401285808,1093.2532739639282,236.0,16.0,True,26,word,slices,8.0
3440.0,1904.2697143554688,1096.3293743133545,0.7304068207740784,0.7706464529037476,0.743855357170105,0.7613398432731628,2.81671142578125,2.6283416748046875,Fixation,1900.8163401285808,1093.2532739639282,236.0,16.0,True,26,word,slices,8.0
3444.0,1903.1851196289062,1085.447244644165,0.7381148934364319,0.7653902769088745,0.7434316873550415,0.7537828087806702,2.791534423828125,2.607391357421875,Fixation,1900.8163401285808,1093.2532739639282,236.0,16.0,True,26,word,slices,8.0
3448.0,1906.0801696777344,1095.982961654663,0.7369730472564697,0.761296272277832,0.744562566280365,0.7610992789268494,2.783599853515625,2.6385498046875,Fixation,1900.8163401285808,1093.2532739639282,236.0,16.0,True,26,word,slices,8.0
3452.0,1905.1626586914062,1084.33256149292,0.7331833243370056,0.758672297000885,0.7442041635513306,0.7530087232589722,2.7794952392578125,2.6139068603515625,Fixation,1900.8163401285808,1093.2532739639282,236.0,16.0,True,26,word,slices,8.0
3456.0,1906.0696411132812,1089.4303894042969,0.7325621247291565,0.7695704102516174,0.7445584535598755,0.7565488815307617,2.7915802001953125,2.61932373046875,Fixation,1900.8163401285808,1093.2532739639282,236.0,16.0,True,26,word,slices,8.0
3460.0,1900.380859375,1102.2717761993408,0.7372188568115234,0.7694984674453735,0.7423362731933594,0.7654665112495422,2.7934112548828125,2.634765625,Fixation,1900.8163401285808,1093.2532739639282,236.0,16.0,True,26,word,slices,8.0
3464.0,1908.5768127441406,1095.2385520935059,0.7309994101524353,0.7684056162834167,0.7455378174781799,0.7605823278427124,2.79412841796875,2.6266632080078125,Fixation,1900.8163401285808,1093.2532739639282,236.0,16.0,True,26,word,slices,8.0
3468.0,1908.5829162597656,1093.7287902832031,0.7329439520835876,0.7675876617431641,0.745540201663971,0.7595338821411133,2.7691802978515625,2.6267242431640625,Fixation,1900.8163401285808,1093.2532739639282,236.0,16.0,True,26,word,slices,8.0
3472.0,1896.2477111816406,1088.5384368896484,0.7322068810462952,0.7643588185310364,0.7407217621803284,0.7559294700622559,2.774932861328125,2.6304168701171875,Fixation,1900.8163401285808,1093.2532739639282,236.0,16.0,True,26,word,slices,8.0
3476.0,1894.5716857910156,1089.1983032226562,0.7391988635063171,0.7702735066413879,0.7400670647621155,0.7563877105712891,2.7948455810546875,2.6318511962890625,Fixation,1900.8163401285808,1093.2532739639282,236.0,16.0,True,26,word,slices,8.0
3480.0,1904.2012023925781,1089.3505668640137,0.7352755069732666,0.7719689607620239,0.7438285946846008,0.7564934492111206,2.8003082275390625,2.61163330078125,Fixation,1900.8163401285808,1093.2532739639282,236.0,16.0,True,26,word,slices,8.0
3484.0,1890.8668518066406,1103.2808017730713,0.7318283915519714,0.7668895125389099,0.738619863986969,0.7661672234535217,2.8064422607421875,2.6186065673828125,Fixation,1900.8163401285808,1093.2532739639282,236.0,16.0,True,26,word,slices,8.0
3488.0,1907.1946716308594,1101.9408130645752,0.7313838601112366,0.7671236991882324,0.7449979186058044,0.7652366757392883,2.77105712890625,2.6210174560546875,Fixation,1900.8163401285808,1093.2532739639282,236.0,16.0,True,26,word,slices,8.0
3492.0,1907.3301696777344,1088.5890769958496,0.7343816757202148,0.7643049955368042,0.745050847530365,0.7559646368026733,2.777252197265625,2.6383056640625,Fixation,1900.8163401285808,1093.2532739639282,236.0,16.0,True,26,word,slices,8.0
3496.0,1897.8329467773438,1104.1870021820068,0.7335460782051086,0.7605613470077515,0.7413409948348999,0.7667965292930603,2.7890167236328125,2.639755249023437,Fixation,1900.8163401285808,1093.2532739639282,236.0,16.0,True,26,word,slices,8.0
3500.0,1901.4698791503906,1098.6430263519287,0.7394911050796509,0.7681013941764832,0.7427616715431213,0.7629465460777283,2.7979736328125,2.6286773681640625,Fixation,1900.8163401285808,1093.2532739639282,236.0,16.0,True,26,word,slices,8.0
3504.0,1910.789794921875,1092.0486545562744,0.7319626212120056,0.7718296051025391,0.7464022636413574,0.758367121219635,2.7929229736328125,2.636566162109375,Fixation,1900.8163401285808,1093.2532739639282,236.0,16.0,True,26,word,slices,8.0
3508.0,1907.8857421875,1091.1591053009033,0.7321754693984985,0.7694038152694702,0.7452678680419922,0.7577493786811829,2.7701873779296875,2.632476806640625,Fixation,1900.8163401285808,1093.2532739639282,236.0,16.0,True,26,word,slices,8.0
3512.0,1911.9967651367188,1092.2019481658936,0.7339349389076233,0.7697426080703735,0.7468737363815308,0.7584735751152039,2.767684936523437,2.6252899169921875,Fixation,1900.8163401285808,1093.2532739639282,236.0,16.0,True,26,word,slices,8.0
3516.0,1896.4602661132812,1090.4304027557373,0.7371801137924194,0.765358030796051,0.7408047914505005,0.7572433352470398,2.7928924560546875,2.6339874267578125,Fixation,1900.8163401285808,1093.2532739639282,236.0,16.0,True,26,word,slices,8.0
3520.0,1880.0979614257812,1069.971113204956,0.7216616868972778,0.7639880776405334,0.7344132661819458,0.7430354952812195,2.7852935791015625,2.613006591796875,Fixation,1900.8163401285808,1093.2532739639282,236.0,16.0,True,26,word,slices,8.0
3524.0,1839.1647338867188,1086.2375736236572,0.7012215852737427,0.7637115120887756,0.7184237241744995,0.754331648349762,2.7957916259765625,2.619110107421875,Fixation,1900.8163401285808,1093.2532739639282,236.0,16.0,True,26,word,slices,8.0
3528.0,1775.7240295410156,1080.6854438781738,0.6800684928894043,0.7624438405036926,0.6936421990394592,0.7504760026931763,2.7756500244140625,2.6378631591796875,Saccade,,,,0.0,False,27,,,
3532.0,1725.2015686035156,1062.952995300293,0.6629754304885864,0.7523612380027771,0.6739068627357483,0.7381618022918701,2.7880859375,2.629486083984375,Saccade,,,,0.0,False,27,,,
3536.0,1686.0337829589844,1064.3519496917725,0.6548933386802673,0.7518218755722046,0.6586069464683533,0.7391332983970642,2.789031982421875,2.627349853515625,Saccade,,,,0.0,False,27,,,
3540.0,1688.736572265625,1059.6776103973389,0.6530560851097107,0.7503321170806885,0.6596627235412598,0.7358872294425964,2.7675018310546875,2.6327056884765625,Saccade,,,,0.0,False,27,,,
3544.0,1674.4744873046875,1056.9221878051758,0.652903139591217,0.7536211013793945,0.6540915966033936,0.7339737415313721,2.789886474609375,2.6500396728515625,Fixation,1671.889417375837,1058.7030200958252,136.0,17.0,True,28,word,cake,7.0
3548.0,1681.90185546875,1065.7093620300293,0.6496735215187073,0.7447437644004822,0.6569929122924805,0.740075945854187,2.7766571044921875,2.642974853515625,Fixation,1671.889417375837,1058.7030200958252,136.0,17.0,True,28,word,cake,7.0
3552.0,1676.4897155761719,1055.048589706421,0.6519967317581177,0.7478345632553101,0.6548787951469421,0.7326726317405701,2.7606964111328125,2.6368865966796875,Fixation,1671.889417375837,1058.7030200958252,136.0,17.0,True,28,word,cake,7.0
3556.0,1658.7261962890625,1059.2221069335938,0.6529357433319092,0.763140082359314,0.647939920425415,0.7355709075927734,2.7891845703125,2.64544677734375,Fixation,1671.889417375837,1058.7030200958252,136.0,17.0,True,28,word,cake,7.0
3560.0,1682.7592468261719,1061.0112476348877,0.6470722556114197,0.7447342276573181,0.6573278307914734,0.7368133664131165,2.7648162841796875,2.6151580810546875,Fixation,1671.889417375837,1058.7030200958252,136.0,17.0,True,28,word,cake,7.0
3564.0,1673.7435913085938,1062.7518939971924,0.6574236154556274,0.7451412677764893,0.6538060903549194,0.7380221486091614,2.7771148681640625,2.640167236328125,Fixation,1671.889417375837,1058.7030200958252,136.0,17.0,True,28,word,cake,7.0
3568.0,1669.6910095214844,1064.7220516204834,0.6535334587097168,0.7471510767936707,0.6522230505943298,0.7393903136253357,2.761566162109375,2.6402587890625,Fixation,1671.889417375837,1058.7030200958252,136.0,17.0,True,28,word,cake,7.0
3572.0,1662.0774841308594,1062.49174118042,0.6535165905952454,0.746314525604248,0.6492490172386169,0.7378414869308472,2.76141357421875,2.63623046875,Fixation,1671.889417375837,1058.7030200958252,136.0,17.0,True,28,word,cake,7.0
3576.0,1666.444091796875,1066.3657093048096,0.6520262360572815,0.7515468597412109,0.6509547233581543,0.7405317425727844,2.7720184326171875,2.6380767822265625,Fixation,1671.889417375837,1058.7030200958252,136.0,17.0,True,28,word,cake,7.0
3580.0,1668.7980651855469,1060.208044052124,0.6570414900779724,0.7484349012374878,0.6518742442131042,0.7362555861473083,2.7616729736328125,2.65203857421875,Fixation,1671.889417375837,1058.7030200958252,136.0,17.0,True,28,word,cake,7.0
3584.0,1660.2503967285156,1060.1797199249268,0.6496344804763794,0.7530803680419922,0.6485353112220764,0.7362359166145325,2.7737579345703125,2.63818359375,Fixation,1671.889417375837,1058.7030200958252,136.0,17.0,True,28,word,cake,7.0
3588.0,1665.3114318847656,1074.8505020141602,0.6513306498527527,0.7546682953834534,0.6505122780799866,0.7464239597320557,2.771270751953125,2.639877319335937,Fixation,1671.889417375837,1058.7030200958252,136.0,17.0,True,28,word,cake,7.0
3592.0,1664.8533630371094,1060.513687133789,0.6526604890823364,0.7521359920501709,0.6503333449363708,0.7364678382873535,2.7804718017578125,2.638671875,Fixation,1671.889417375837,1058.7030200958252,136.0,17.0,True,28,word,cake,7.0
3596.0,1684.8225402832031,1061.4974784851074,0.6517850756645203,0.7497403621673584,0.6581338047981262,0.737151026725769,2.7751617431640625,2.634246826171875,Fixation,1671.889417375837,1058.7030200958252,136.0,17.0,True,28,word,cake,7.0
3600.0,1669.3441772460938,1057.4482440948486,0.6454518437385559,0.7488093376159668,0.6520875692367554,0.7343390583992004,2.7815399169921875,2.6248931884765625,Fixation,1671.889417375837,1058.7030200958252,136.0,17.0,True,28,word,cake,7.0
3604.0,1674.7811889648438,1060.5865573883057,0.6524336338043213,0.7514453530311584,0.6542114019393921,0.7365184426307678,2.7758941650390625,2.6335601806640625,Fixation,1671.889417375837,1058.7030200958252,136.0,17.0,True,28,word,cake,7.0
3608.0,1670.9788513183594,1066.0534572601318,0.6502803564071655,0.7534107565879822,0.6527261137962341,0.7403149008750916,2.7809600830078125,2.6342315673828125,Fixation,1671.889417375837,1058.7030200958252,136.0,17.0,True,28,word,cake,7.0
3612.0,1677.4705505371094,1059.8909854888916,0.6522775292396545,0.7563481330871582,0.6552619338035583,0.7360354065895081,2.7590789794921875,2.636688232421875,Fixation,1671.889417375837,1058.7030200958252,136.0,17.0,True,28,word,cake,7.0
3616.0,1671.6728210449219,1049.8793506622314,0.6511568427085876,0.7553995251655579,0.6529971957206726,0.7290828824043274,2.7694244384765625,2.6307373046875,Fixation,1671.889417375837,1058.7030200958252,136.0,17.0,True,28,word,cake,7.0
3620.0,1665.5435180664062,1058.1461334228516,0.6510404348373413,0.757675051689148,0.6506029367446899,0.7348237037658691,2.765472412109375,2.63751220703125,Fixation,1671.889417375837,1058.7030200958252,136.0,17.0,True,28,word,cake,7.0
3624.0,1686.0429382324219,1056.0380458831787,0.6417391896247864,0.749705970287323,0.6586105227470398,0.7333597540855408,2.7807159423828125,2.613067626953125,Fixation,1671.889417375837,1058.7030200958252,136.0,17.0,True,28,word,cake,7.0
3628.0,1674.5925903320312,1062.088508605957,0.6456604599952698,0.7559278607368469,0.6541377305984497,0.7375614643096924,2.7746124267578125,2.626129150390625,Fixation,1671.889417375837,1058.7030200958252,136.0,17.0,True,28,word,cake,7.0
3632.0,1682.291259765625,1054.7924709320068,0.6482067704200745,0.7520713210105896,0.6571450233459473,0.7324947714805603,2.757659912109375,2.6156768798828125,Fixation,1671.889417375837,1058.7030200958252,136.0,17.0,True,28,word,cake,7.0
3636.0,1677.047119140625,1055.5319023132324,0.6532399654388428,0.7536906003952026,0.6550965309143066,0.7330082654953003,2.7667999267578125,2.623641967773437,Fixation,1671.889417375837,1058.7030200958252,136.0,17.0,True,28,word,cake,7.0
3640.0,1668.8705444335938,1066.44287109375,0.6482778191566467,0.7584874629974365,0.6519025564193726,0.7405853271484375,2.789794921875,2.6339569091796875,Fixation,1671.889417375837,1058.7030200958252,136.0,17.0,True,28,word,cake,7.0
3644.0,1674.1059875488281,1053.0937099456787,0.6485586762428284,0.7558857202529907,0.653947651386261,0.7313150763511658,2.7769012451171875,2.63323974609375,Fixation,1671.889417375837,1058.7030200958252,136.0,17.0,True,28,word,cake,7.0
3648.0,1683.9476013183594,1056.954116821289,0.6486445665359497,0.7605428695678711,0.6577920317649841,0.7339959144592285,2.7782745361328125,2.598968505859375,Fixation,1671.889417375837,1058.7030200958252,136.0,17.0,True,28,word,cake,7.0
3652.0,1675.2870178222656,1063.357343673706,0.6478055119514465,0.7542505264282227,0.6544089913368225,0.738442599773407,2.7768096923828125,2.610015869140625,Fixation,1671.889417375837,1058.7030200958252,136.0,17.0,True,28,word,cake,7.0
3656.0,1678.9376831054688,1054.9725437164307,0.650101363658905,0.7536649703979492,0.6558350324630737,0.7326198220252991,2.7692108154296875,2.6297607421875,Fixation,1671.889417375837,1058.7030200958252,136.0,17.0,True,28,word,cake,7.0
3660.0,1673.1411743164062,1054.6117115020752,0.6498902440071106,0.7524829506874084,0.6535707712173462,0.7323692440986633,2.776962280273437,2.6228179931640625,Fixation,1671.889417375837,1058.7030200958252,136.0,17.0,True,28,word,cake,7.0
3664.0,1671.5066528320312,1060.2113056182861,0.6538527011871338,0.7522660493850708,0.6529322862625122,0.7362578511238098,2.757171630859375,2.6167449951171875,Fixation,1671.889417375837,1058.7030200958252,136.0,17.0,True,28,word,cake,7.0
3668.0,1680.4240417480469,1061.5785026550293,0.6492246985435486,0.7520134449005127,0.6564156413078308,0.737207293510437,2.7742919921875,2.62158203125,Fixation,1671.889417375837,1058.7030200958252,136.0,17.0,True,28,word,cake,7.0
3672.0,1671.9317626953125,1051.7491722106934,0.6518247127532959,0.7583697438240051,0.6530983448028564,0.7303813695907593,2.772064208984375,2.6299591064453125,Fixation,1671.889417375837,1058.7030200958252,136.0,17.0,True,28,word,cake,7.0
3676.0,1660.8860778808594,1045.9313106536865,0.6443909406661987,0.750214695930481,0.6487836241722107,0.726341187953949,2.760772705078125,2.6157379150390625,Fixation,1671.889417375837,1058.7030200958252,136.0,17.0,True,28,word,cake,7.0
3680.0,1636.9825744628906,1033.753137588501,0.6198453903198242,0.7412438988685608,0.6394463181495667,0.7178841233253479,2.8079833984375,2.6398162841796875,Fixation,1671.889417375837,1058.7030200958252,136.0,17.0,True,28,word,cake,7.0
3684.0,1583.7747192382812,982.6785564422607,0.6042569279670715,0.6898238062858582,0.6186619997024536,0.6824156641960144,2.7747802734375,2.6119537353515625,Saccade,,,,0.0,False,29,,,
3688.0,1532.0382690429688,938.5547161102295,0.5805292725563049,0.6719031929969788,0.5984524488449097,0.6517741084098816,2.7921905517578125,2.627044677734375,Saccade,,,,0.0,False,29,,,
3692.0,1458.8394165039062,897.2968482971191,0.5654798150062561,0.6343182921409607,0.5698591470718384,0.6231228113174438,2.7730865478515625,2.635223388671875,Saccade,,,,0.0,False,29,,,
3696.0,1417.2381591796875,843.2697772979736,0.5460742115974426,0.6145832538604736,0.5536086559295654,0.5856040120124817,2.7631378173828125,2.6331024169921875,Saccade,,,,0.0,False,29,,,
3700.0,1359.5500183105469,803.8871383666992,0.525185227394104,0.5690689086914062,0.5310742259025574,0.5582549571990967,2.752349853515625,2.6360626220703125,Fixation,1324.8553938024183,769.7047965666827,268.0,18.0,True,30,image,,9.0
3704.0,1336.8656921386719,765.3968811035156,0.5218168497085571,0.5603797435760498,0.5222131609916687,0.5315256118774414,2.739364624023437,2.6165924072265625,Fixation,1324.8553938024183,769.7047965666827,268.0,18.0,True,30,image,,9.0
3708.0,1333.4605407714844,760.3804206848145,0.5145511627197266,0.5441069006919861,0.5208830237388611,0.5280419588088989,2.716766357421875,2.6173095703125,Fixation,1324.8553938024183,769.7047965666827,268.0,18.0,True,30,image,,9.0
3712.0,1321.7198181152344,784.3097591400146,0.5168349146842957,0.5564872622489929,0.5162968039512634,0.5446595549583435,2.741607666015625,2.631683349609375,Fixation,1324.8553938024183,769.7047965666827,268.0,18.0,True,30,image,,9.0
3716.0,1322.8007507324219,780.0731563568115,0.5108106732368469,0.5548234581947327,0.5167190432548523,0.5417174696922302,2.717437744140625,2.634506225585937,Fixation,1324.8553938024183,769.7047965666827,268.0,18.0,True,30,image,,9.0
3720.0,1335.1248168945312,772.5085544586182,0.5143002271652222,0.5563937425613403,0.5215331315994263,0.536464273929596,2.73779296875,2.620147705078125,Fixation,1324.8553938024183,769.7047965666827,268.0,18.0,True,30,image,,9.0
3724.0,1335.8683776855469,777.3375606536865,0.5184540152549744,0.538494348526001,0.5218235850334167,0.539817750453949,2.7292633056640625,2.642303466796875,Fixation,1324.8553938024183,769.7047965666827,268.0,18.0,True,30,image,,9.0
3728.0,1324.3296813964844,779.6567916870117,0.5198760032653809,0.5500175356864929,0.5173162817955017,0.5414283275604248,2.744415283203125,2.63531494140625,Fixation,1324.8553938024183,769.7047965666827,268.0,18.0,True,30,image,,9.0
3732.0,1322.6988220214844,785.145320892334,0.514508068561554,0.5523654222488403,0.5166792273521423,0.5452398061752319,2.7498016357421875,2.6446533203125,Fixation,1324.8553938024183,769.7047965666827,268.0,18.0,True,30,image,,9.0
3736.0,1327.2737121582031,770.6722068786621,0.514126718044281,0.5471996068954468,0.5184662938117981,0.5351890325546265,2.761093139648437,2.62432861328125,Fixation,1324.8553938024183,769.7047965666827,268.0,18.0,True,30,image,,9.0
3740.0,1335.5825805664062,755.991382598877,0.5139237642288208,0.5500450134277344,0.5217119455337524,0.5249940156936646,2.7589263916015625,2.603271484375,Fixation,1324.8553938024183,769.7047965666827,268.0,18.0,True,30,image,,9.0
3744.0,1323.38134765625,774.0759086608887,0.5147057175636292,0.5450806617736816,0.5169458389282227,0.5375527143478394,2.724609375,2.632293701171875,Fixation,1324.8553938024183,769.7047965666827,268.0,18.0,True,30,image,,9.0
3748.0,1319.6879577636719,769.1112041473389,0.5153113007545471,0.5374080538749695,0.5155031085014343,0.5341050028800964,2.7194976806640625,2.633392333984375,Fixation,1324.8553938024183,769.7047965666827,268.0,18.0,True,30,image,,9.0
3752.0,1322.4736022949219,767.9460525512695,0.516257643699646,0.5406922101974487,0.5165912508964539,0.5332958698272705,2.7411651611328125,2.6174774169921875,Fixation,1324.8553938024183,769.7047965666827,268.0,18.0,True,30,image,,9.0
3756.0,1320.2369689941406,772.8396892547607,0.5146903991699219,0.5500863194465637,0.5157175660133362,0.5366942286491394,2.7381134033203125,2.6485137939453125,Fixation,1324.8553938024183,769.7047965666827,268.0,18.0,True,30,image,,9.0
3760.0,1329.0744018554688,757.8597450256348,0.5180127620697021,0.5521760582923889,0.5191696882247925,0.5262914896011353,2.7478790283203125,2.619232177734375,Fixation,1324.8553938024183,769.7047965666827,268.0,18.0,True,30,image,,9.0
3764.0,1319.0733337402344,767.0327281951904,0.5163112878799438,0.5426895022392273,0.515263020992279,0.5326616168022156,2.7297821044921875,2.6275787353515625,Fixation,1324.8553938024183,769.7047965666827,268.0,18.0,True,30,image,,9.0
3768.0,1319.4725036621094,768.6106395721436,0.5172868967056274,0.5427869558334351,0.5154189467430115,0.5337573885917664,2.738128662109375,2.6274566650390625,Fixation,1324.8553938024183,769.7047965666827,268.0,18.0,True,30,image,,9.0
3772.0,1327.2532653808594,767.1868801116943,0.5183339715003967,0.5509008169174194,0.5184583067893982,0.5327686667442322,2.754608154296875,2.6269073486328125,Fixation,1324.8553938024183,769.7047965666827,268.0,18.0,True,30,image,,9.0
3776.0,1327.76611328125,779.9090480804443,0.5178487300872803,0.54173344373703,0.5186586380004883,0.5416035056114197,2.7347869873046875,2.6359100341796875,Fixation,1324.8553938024183,769.7047965666827,268.0,18.0,True,30,image,,9.0
3780.0,1315.6242370605469,782.9564666748047,0.5109118819236755,0.544222354888916,0.5139157176017761,0.5437197685241699,2.727294921875,2.6580810546875,Fixation,1324.8553938024183,769.7047965666827,268.0,18.0,True,30,image,,9.0
3784.0,1322.4993896484375,765.8910942077637,0.5139736533164978,0.5426298975944519,0.5166013240814209,0.5318688154220581,2.7463531494140625,2.62066650390625,Fixation,1324.8553938024183,769.7047965666827,268.0,18.0,True,30,image,,9.0
3788.0,1320.8551025390625,770.1319885253906,0.5163382291793823,0.5484524369239807,0.5159590244293213,0.5348138809204102,2.7725982666015625,2.654327392578125,Fixation,1324.8553938024183,769.7047965666827,268.0,18.0,True,30,image,,9.0
3792.0,1333.4072875976562,769.0837383270264,0.5133566856384277,0.5453692078590393,0.5208622217178345,0.5340859293937683,2.743133544921875,2.62823486328125,Fixation,1324.8553938024183,769.7047965666827,268.0,18.0,True,30,image,,9.0
3796.0,1327.0094299316406,760.7433128356934,0.5156154632568359,0.5496209263801575,0.5183630585670471,0.5282939672470093,2.7677154541015625,2.6247711181640625,Fixation,1324.8553938024183,769.7047965666827,268.0,18.0,True,30,image,,9.0
3800.0,1312.5759887695312,771.7222595214844,0.5124196410179138,0.5410104990005493,0.5127249956130981,0.5359182357788086,2.722076416015625,2.6533355712890625,Fixation,1324.8553938024183,769.7047965666827,268.0,18.0,True,30,image,,9.0
3804.0,1319.4789123535156,767.1665382385254,0.5133982300758362,0.5568249225616455,0.515421450138092,0.5327545404434204,2.745590209960937,2.6321258544921875,Fixation,1324.8553938024183,769.7047965666827,268.0,18.0,True,30,image,,9.0
3808.0,1321.72119140625,768.0656147003174,0.5122889280319214,0.5471811294555664,0.5162973403930664,0.5333788990974426,2.7625732421875,2.64129638671875,Fixation,1324.8553938024183,769.7047965666827,268.0,18.0,True,30,image,,9.0
3812.0,1321.4178466796875,764.2410850524902,0.5141957998275757,0.5390111207962036,0.5161788463592529,0.530722975730896,2.743133544921875,2.626373291015625,Fixation,1324.8553938024183,769.7047965666827,268.0,18.0,True,30,image,,9.0
3816.0,1318.4861755371094,776.2109470367432,0.5149921774864197,0.5412726998329163,0.5150336623191833,0.5390353798866272,2.745391845703125,2.6597137451171875,Fixation,1324.8553938024183,769.7047965666827,268.0,18.0,True,30,image,,9.0
3820.0,1312.0864868164062,763.0423736572266,0.5170632600784302,0.5391857624053955,0.5125337839126587,0.5298905372619629,2.7437896728515625,2.635833740234375,Fixation,1324.8553938024183,769.7047965666827,268.0,18.0,True,30,image,,9.0
3824.0,1330.2000427246094,771.7736721038818,0.5120071172714233,0.5410032272338867,0.5196093916893005,0.535953938961029,2.7495880126953125,2.63934326171875,Fixation,1324.8553938024183,769.7047965666827,268.0,18.0,True,30,image,,9.0
3828.0,1327.7203369140625,776.4081859588623,0.514277994632721,0.5428962111473083,0.5186407566070557,0.539172351360321,2.737884521484375,2.643341064453125,Fixation,1324.8553938024183,769.7047965666827,268.0,18.0,True,30,image,,9.0
3832.0,1327.0465087890625,776.9851398468018,0.5139271020889282,0.5408654808998108,0.5183775424957275,0.5395730137825012,2.73431396484375,2.649169921875,Fixation,1324.8553938024183,769.7047965666827,268.0,18.0,True,30,image,,9.0
3836.0,1316.5037536621094,782.1039962768555,0.5181070566177368,0.539741039276123,0.5142592787742615,0.5431277751922607,2.7365875244140625,2.675048828125,Fixation,1324.8553938024183,769.7047965666827,268.0,18.0,True,30,image,,9.0
3840.0,1325.2621459960938,765.142650604248,0.5104366540908813,0.5426326394081116,0.5176805257797241,0.5313490629196167,2.7379302978515625,2.64813232421875,Fixation,1324.8553938024183,769.7047965666827,268.0,18.0,True,30,image,,9.0
3844.0,1327.0657348632812,756.4919471740723,0.514041543006897,0.5408945679664612,0.5183850526809692,0.5253416299819946,2.738067626953125,2.631561279296875,Fixation,1324.8553938024183,769.7047965666827,268.0,18.0,True,30,image,,9.0
3848.0,1327.2624206542969,770.9661769866943,0.5182926058769226,0.5398876667022705,0.5184618830680847,0.5353931784629822,2.745330810546875,2.627471923828125,Fixation,1324.8553938024183,769.7047965666827,268.0,18.0,True,30,image,,9.0
3852.0,1325.7560729980469,773.7601375579834,0.5147354006767273,0.5419867038726807,0.5178734660148621,0.5373334288597107,2.7417755126953125,2.664657592773437,Fixation,1324.8553938024183,769.7047965666827,268.0,18.0,True,30,image,,9.0
3856.0,1328.7838745117188,773.9218425750732,0.5195169448852539,0.5402756929397583,0.5190562009811401,0.5374457240104675,2.7447509765625,2.648712158203125,Fixation,1324.8553938024183,769.7047965666827,268.0,18.0,True,30,image,,9.0
3860.0,1319.4395446777344,773.5396385192871,0.519274115562439,0.5442681312561035,0.51540607213974,0.5371803045272827,2.7457733154296875,2.6749420166015625,Fixation,1324.8553938024183,769.7047965666827,268.0,18.0,True,30,image,,9.0
3864.0,1327.8318786621094,765.4599666595459,0.512907862663269,0.5318949222564697,0.5186843276023865,0.5315694212913513,2.7116241455078125,2.6541900634765625,Fixation,1324.8553938024183,769.7047965666827,268.0,18.0,True,30,image,,9.0
3868.0,1316.5435791015625,778.6804676055908,0.5168144702911377,0.5404011011123657,0.5142748355865479,0.5407503247261047,2.7573699951171875,2.666900634765625,Fixation,1324.8553938024183,769.7047965666827,268.0,18.0,True,30,image,,9.0
3872.0,1320.0538635253906,764.0195560455322,0.5197457075119019,0.5422729253768921,0.5156460404396057,0.5305691361427307,2.75311279296875,2.63153076171875,Fixation,1324.8553938024183,769.7047965666827,268.0,18.0,True,30,image,,9.0
3876.0,1326.1322021484375,770.4446697235107,0.5164409279823303,0.5445059537887573,0.5180203914642334,0.5350310206413269,2.7689971923828125,2.642562866210937,Fixation,1324.8553938024183,769.7047965666827,268.0,18.0,True,30,image,,9.0
3880.0,1320.9074401855469,772.2578430175781,0.5182723999023438,0.548061728477478,0.5159794688224792,0.536290168762207,2.7765655517578125,2.651229858398437,Fixation,1324.8553938024183,769.7047965666827,268.0,18.0,True,30,image,,9.0
3884.0,1331.5785217285156,754.9436473846436,0.5168589353561401,0.544782280921936,0.5201478600502014,0.5242664217948914,2.76165771484375,2.6400299072265625,Fixation,1324.8553938024183,769.7047965666827,268.0,18.0,True,30,image,,9.0
3888.0,1325.7087707519531,772.8737640380859,0.5144423246383667,0.5317255854606628,0.5178549885749817,0.5367178916931152,2.763778686523437,2.6583251953125,Fixation,1324.8553938024183,769.7047965666827,268.0,18.0,True,30,image,,9.0
3892.0,1326.260986328125,764.8616409301758,0.5172827839851379,0.5450150370597839,0.5180706977844238,0.5311539173126221,2.7635040283203125,2.646881103515625,Fixation,1324.8553938024183,769.7047965666827,268.0,18.0,True,30,image,,9.0
3896.0,1311.0531616210938,780.1013088226318,0.5139506459236145,0.5384219288825989,0.5121301412582397,0.5417370200157166,2.768035888671875,2.66278076171875,Fixation,1324.8553938024183,769.7047965666827,268.0,18.0,True,30,image,,9.0
3900.0,1316.0487365722656,760.9650135040283,0.5170770287513733,0.5432147979736328,0.5140815377235413,0.5284479260444641,2.74981689453125,2.6265869140625,Fixation,1324.8553938024183,769.7047965666827,268.0,18.0,True,30,image,,9.0
3904.0,1327.6701354980469,763.5288619995117,0.515636146068573,0.5388436913490295,0.5186211466789246,0.5302283763885498,2.748565673828125,2.6538238525390625,Fixation,1324.8553938024183,769.7047965666827,268.0,18.0,True,30,image,,9.0
3908.0,1312.5367736816406,757.2259712219238,0.5129914283752441,0.5469169616699219,0.5127096772193909,0.5258513689041138,2.764373779296875,2.6313629150390625,Fixation,1324.8553938024183,769.7047965666827,268.0,18.0,True,30,image,,9.0
3912.0,1321.4332580566406,779.016580581665,0.5142044425010681,0.54044508934021,0.5161848664283752,0.5409837365150452,2.7631988525390625,2.684066772460937,Fixation,1324.8553938024183,769.7047965666827,268.0,18.0,True,30,image,,9.0
3916.0,1324.8503112792969,773.2774257659912,0.5113186240196228,0.5432277917861938,0.5175196528434753,0.5369982123374939,2.7743682861328125,2.66107177734375,Fixation,1324.8553938024183,769.7047965666827,268.0,18.0,True,30,image,,9.0
3920.0,1335.7093811035156,773.0298900604248,0.515724241733551,0.5453625917434692,0.5217614769935608,0.5368263125419617,2.785125732421875,2.6532745361328125,Fixation,1324.8553938024183,769.7047965666827,268.0,18.0,True,30,image,,9.0
3924.0,1325.2476501464844,762.4206161499023,0.518139660358429,0.5524206757545471,0.5176748633384705,0.52945876121521,2.790756225585937,2.638458251953125,Fixation,1324.8553938024183,769.7047965666827,268.0,18.0,True,30,image,,9.0
3928.0,1324.6290588378906,767.9615020751953,0.516943097114563,0.5548717379570007,0.517433226108551,0.5333065986633301,2.786529541015625,2.6699676513671875,Fixation,1324.8553938024183,769.7047965666827,268.0,18.0,True,30,image,,9.0
3932.0,1328.2388305664062,773.9273357391357,0.51633620262146,0.5525679588317871,0.5188432931900024,0.5374495387077332,2.7819061279296875,2.657867431640625,Fixation,1324.8553938024183,769.7047965666827,268.0,18.0,True,30,image,,9.0
3936.0,1330.9397888183594,753.8203811645508,0.514151394367218,0.5536924004554749,0.5198983550071716,0.5234863758087158,2.7953643798828125,2.6421356201171875,Fixation,1324.8553938024183,769.7047965666827,268.0,18.0,True,30,image,,9.0
3940.0,1328.4994506835938,764.8215579986572,0.514150083065033,0.5302857160568237,0.5189450979232788,0.531126081943512,2.7644500732421875,2.658676147460937,Fixation,1324.8553938024183,769.7047965666827,268.0,18.0,True,30,image,,9.0
3944.0,1311.9612121582031,756.9877052307129,0.5162238478660583,0.546284019947052,0.5124848484992981,0.5256859064102173,2.799896240234375,2.646087646484375,Fixation,1324.8553938024183,769.7047965666827,268.0,18.0,True,30,image,,9.0
3948.0,1324.8915100097656,763.7088489532471,0.5177131295204163,0.5460023283958435,0.5175357460975647,0.5303533673286438,2.7716522216796875,2.6560516357421875,Fixation,1324.8553938024183,769.7047965666827,268.0,18.0,True,30,image,,9.0
3952.0,1319.15283203125,781.6442012786865,0.5156852602958679,0.5477532148361206,0.515294075012207,0.542808473110199,2.800033569335937,2.6833648681640625,Fixation,1324.8553938024183,769.7047965666827,268.0,18.0,True,30,image,,9.0
3956.0,1322.2752380371094,760.9470748901367,0.5161516070365906,0.541543185710907,0.5165137648582458,0.528435468673706,2.784271240234375,2.65203857421875,Fixation,1324.8553938024183,769.7047965666827,268.0,18.0,True,30,image,,9.0
3960.0,1329.2422485351562,761.9213390350342,0.5119255185127258,0.5461671948432922,0.5192352533340454,0.5291120409965515,2.77728271484375,2.650741577148437,Fixation,1324.8553938024183,769.7047965666827,268.0,18.0,True,30,image,,9.0
3964.0,1314.5513916015625,764.886531829834,0.5113928318023682,0.555003821849823,0.5134966373443604,0.5311712026596069,2.7963104248046875,2.655014038085937,Fixation,1324.8553938024183,769.7047965666827,268.0,18.0,True,30,image,,9.0
3968.0,1342.32177734375,755.9125900268555,0.5202311873435974,0.5497394800186157,0.5243444442749023,0.5249392986297607,2.7895050048828125,2.6611785888671875,Fixation,1324.8553938024183,769.7047965666827,268.0,18.0,True,30,image,,9.0
3972.0,1382.3847961425781,743.3136749267578,0.5349281430244446,0.5290500521659851,0.5399940609931946,0.5161900520324707,2.793609619140625,2.6637725830078125,Saccade,,,,0.0,False,31,,,
3976.0,1447.838134765625,709.3757057189941,0.5553138852119446,0.5064036250114441,0.5655617713928223,0.4926220178604126,2.796051025390625,2.714462280273437,Saccade,,,,0.0,False,31,,,
3980.0,1514.1989135742188,663.9626026153563,0.5785821676254272,0.4807095825672149,0.5914839506149292,0.4610851407051086,2.814788818359375,2.692657470703125,Saccade,,,,0.0,False,31,,,
3984.0,1553.5574340820312,642.8605270385741,0.5934609770774841,0.4481554925441742,0.6068583726882935,0.4464309215545654,2.7834625244140625,2.6705322265625,Saccade,,,,0.0,False,31,,,
3988.0,1591.2388610839844,616.9439935684204,0.6141650080680847,0.4470544755458832,0.6215776801109314,0.4284333288669586,2.7988433837890625,2.679290771484375,Saccade,,,,0.0,False,31,,,
3992.0,1611.0275268554688,622.9681921005248,0.6269543766975403,0.431766003370285,0.6293076276779175,0.4326168000698089,2.826385498046875,2.69647216796875,Fixation,1632.16435313907,571.0868767469312,192.0,19.0,True,32,image,,9.0
3996.0,1611.2957763671875,591.6930770874022,0.6253502368927002,0.4287274777889251,0.6294124126434326,0.4108979701995849,2.8314361572265625,2.6895294189453125,Fixation,1632.16435313907,571.0868767469312,192.0,19.0,True,32,image,,9.0
4000.0,1600.2615356445312,557.9678392410277,0.6258484721183777,0.4251031577587127,0.625102162361145,0.3874776661396026,2.859970092773437,2.675537109375,Fixation,1632.16435313907,571.0868767469312,192.0,19.0,True,32,image,,9.0
4004.0,1603.5441589355469,569.4210863113403,0.6248315572738647,0.4119307398796081,0.626384437084198,0.3954313099384308,2.847396850585937,2.6973419189453125,Fixation,1632.16435313907,571.0868767469312,192.0,19.0,True,32,image,,9.0
4008.0,1625.1702880859375,573.902564048767,0.6327133774757385,0.4224040508270263,0.6348321437835693,0.3985434472560882,2.837020874023437,2.707366943359375,Fixation,1632.16435313907,571.0868767469312,192.0,19.0,True,32,image,,9.0
4012.0,1652.078857421875,551.3272476196288,0.6384085416793823,0.4179271459579468,0.6453433036804199,0.3828661441802978,2.8687896728515625,2.705780029296875,Fixation,1632.16435313907,571.0868767469312,192.0,19.0,True,32,image,,9.0
4016.0,1637.5068664550781,567.7386760711669,0.6378440856933594,0.4240171313285827,0.6396511197090149,0.3942629694938659,2.881454467773437,2.725448608398437,Fixation,1632.16435313907,571.0868767469312,192.0,19.0,True,32,image,,9.0
4020.0,1618.499755859375,583.2572078704834,0.6312724947929382,0.4235727488994598,0.6322264671325684,0.4050397276878357,2.8539276123046875,2.72100830078125,Fixation,1632.16435313907,571.0868767469312,192.0,19.0,True,32,image,,9.0
4024.0,1609.3014526367188,567.7937364578247,0.6316847205162048,0.4338849782943725,0.6286333799362183,0.3943012058734894,2.8623199462890625,2.7071685791015625,Fixation,1632.16435313907,571.0868767469312,192.0,19.0,True,32,image,,9.0
4028.0,1622.7774047851562,555.297474861145,0.6336498260498047,0.4189915657043457,0.6338974237442017,0.3856232464313507,2.8543243408203125,2.690948486328125,Fixation,1632.16435313907,571.0868767469312,192.0,19.0,True,32,image,,9.0
4032.0,1629.4081115722656,578.6224365234375,0.6367174386978149,0.4162810742855072,0.6364875435829163,0.4018211364746094,2.870208740234375,2.740966796875,Fixation,1632.16435313907,571.0868767469312,192.0,19.0,True,32,image,,9.0
4036.0,1615.2888488769531,584.5429515838622,0.639100193977356,0.4131347239017486,0.6309722065925598,0.405932605266571,2.8816375732421875,2.721466064453125,Fixation,1632.16435313907,571.0868767469312,192.0,19.0,True,32,image,,9.0
4040.0,1627.2279357910156,554.1403484344482,0.632084310054779,0.4163672626018524,0.6356359124183655,0.3848196864128113,2.8475341796875,2.692596435546875,Fixation,1632.16435313907,571.0868767469312,192.0,19.0,True,32,image,,9.0
4044.0,1624.4384765625,572.5012922286986,0.6333603262901306,0.4174192249774933,0.6345462799072266,0.3975703418254852,2.8796844482421875,2.7093658447265625,Fixation,1632.16435313907,571.0868767469312,192.0,19.0,True,32,image,,9.0
4048.0,1634.1767883300781,587.7545642852783,0.6361874938011169,0.4222972989082336,0.6383503079414368,0.4081628918647766,2.86138916015625,2.7129058837890625,Fixation,1632.16435313907,571.0868767469312,192.0,19.0,True,32,image,,9.0
4052.0,1634.0498352050781,551.5931510925293,0.6395602226257324,0.4244421422481537,0.6383007168769836,0.383050799369812,2.88848876953125,2.677719116210937,Fixation,1632.16435313907,571.0868767469312,192.0,19.0,True,32,image,,9.0
4056.0,1620.9373474121094,584.5681858062744,0.6373534798622131,0.4144348204135895,0.6331786513328552,0.405950129032135,2.855804443359375,2.723861694335937,Fixation,1632.16435313907,571.0868767469312,192.0,19.0,True,32,image,,9.0
4060.0,1628.094482421875,588.1536340713501,0.6349137425422668,0.4103962481021881,0.6359744071960449,0.4084400236606598,2.86279296875,2.715805053710937,Fixation,1632.16435313907,571.0868767469312,192.0,19.0,True,32,image,,9.0
4064.0,1636.3935852050781,551.9057893753051,0.6358568072319031,0.416447252035141,0.6392162442207336,0.3832679092884063,2.866424560546875,2.6911163330078125,Fixation,1632.16435313907,571.0868767469312,192.0,19.0,True,32,image,,9.0
4068.0,1629.656982421875,552.0338058471679,0.6365115642547607,0.4192392230033874,0.6365847587585449,0.3833568096160888,2.864501953125,2.689315795898437,Fixation,1632.16435313907,571.0868767469312,192.0,19.0,True,32,image,,9.0
4072.0,1632.037353515625,547.4783849716187,0.6327358484268188,0.4145347774028778,0.637514591217041,0.3801933228969574,2.8896636962890625,2.68536376953125,Fixation,1632.16435313907,571.0868767469312,192.0,19.0,True,32,image,,9.0
4076.0,1633.1028747558594,548.8724040985107,0.6366419196128845,0.404222697019577,0.6379308104515076,0.3811613917350769,2.8673248291015625,2.6809539794921875,Fixation,1632.16435313907,571.0868767469312,192.0,19.0,True,32,image,,9.0
4080.0,1643.0720520019531,566.1245441436766,0.6325024366378784,0.3977176249027252,0.6418250203132629,0.3931420445442199,2.847274780273437,2.7126922607421875,Fixation,1632.16435313907,571.0868767469312,192.0,19.0,True,32,image,,9.0
4084.0,1641.912841796875,545.1889371871947,0.6290339231491089,0.4138079583644867,0.6413722038269043,0.3786034286022186,2.8609771728515625,2.6881866455078125,Fixation,1632.16435313907,571.0868767469312,192.0,19.0,True,32,image,,9.0
4088.0,1641.8348693847656,570.5062437057494,0.6347898840904236,0.3827750086784363,0.6413417458534241,0.396184891462326,2.82403564453125,2.722442626953125,Fixation,1632.16435313907,571.0868767469312,192.0,19.0,True,32,image,,9.0
4092.0,1636.6348266601562,578.2953357696532,0.6340445280075073,0.4047748446464538,0.6393104791641235,0.4015939831733703,2.8593902587890625,2.7361297607421875,Fixation,1632.16435313907,571.0868767469312,192.0,19.0,True,32,image,,9.0
4096.0,1642.1173095703125,557.0570039749146,0.634720504283905,0.4105896651744842,0.6414520740509033,0.3868451416492462,2.873199462890625,2.708740234375,Fixation,1632.16435313907,571.0868767469312,192.0,19.0,True,32,image,,9.0
4100.0,1641.0989379882812,576.462721824646,0.6339765787124634,0.4088244438171386,0.6410542726516724,0.4003213346004486,2.8457183837890625,2.741195678710937,Fixation,1632.16435313907,571.0868767469312,192.0,19.0,True,32,image,,9.0
4104.0,1647.2311401367188,570.980930328369,0.636659562587738,0.416825383901596,0.6434496641159058,0.3965145349502563,2.8783416748046875,2.7274627685546875,Fixation,1632.16435313907,571.0868767469312,192.0,19.0,True,32,image,,9.0
4108.0,1644.3600463867188,578.5196542739867,0.6344060897827148,0.4114626049995422,0.642328143119812,0.4017497599124908,2.8822479248046875,2.7260894775390625,Fixation,1632.16435313907,571.0868767469312,192.0,19.0,True,32,image,,9.0
4112.0,1648.0937194824219,574.9641180038452,0.6374263763427734,0.3634530007839203,0.643786609172821,0.3992806375026703,2.792327880859375,2.729095458984375,Fixation,1632.16435313907,571.0868767469312,192.0,19.0,True,32,image,,9.0
4116.0,1640.2301025390625,568.2027626037598,0.6354754567146301,0.3679863512516022,0.6407148838043213,0.3945852518081665,2.79351806640625,2.7146453857421875,Fixation,1632.16435313907,571.0868767469312,192.0,19.0,True,32,image,,9.0
4120.0,1637.5564575195312,579.55979347229,0.6353661417961121,0.3891386091709137,0.6396704912185669,0.4024720788002014,2.852020263671875,2.735931396484375,Fixation,1632.16435313907,571.0868767469312,192.0,19.0,True,32,image,,9.0
4124.0,1644.9324035644531,524.2051792144775,0.6392962336540222,0.3910171389579773,0.6425517201423645,0.3640313744544983,2.846832275390625,2.6785888671875,Fixation,1632.16435313907,571.0868767469312,192.0,19.0,True,32,image,,9.0
4128.0,1644.5692443847656,583.4780502319336,0.6392235159873962,0.376330703496933,0.6424098610877991,0.4051930904388428,2.81195068359375,2.73114013671875,Fixation,1632.16435313907,571.0868767469312,192.0,19.0,True,32,image,,9.0
4132.0,1633.785400390625,583.5788154602051,0.641204833984375,0.3841588795185089,0.6381974220275879,0.4052630662918091,2.827499389648437,2.7327423095703125,Fixation,1632.16435313907,571.0868767469312,192.0,19.0,True,32,image,,9.0
4136.0,1631.5852355957031,587.0453453063964,0.6355057954788208,0.3913361132144928,0.6373379826545715,0.4076703786849975,2.8370819091796875,2.7231597900390625,Fixation,1632.16435313907,571.0868767469312,192.0,19.0,True,32,image,,9.0
4140.0,1648.7796020507812,566.9635820388794,0.6359983086585999,0.4120239615440368,0.6440545320510864,0.3937247097492218,2.863250732421875,2.6969451904296875,Fixation,1632.16435313907,571.0868767469312,192.0,19.0,True,32,image,,9.0
4144.0,1636.1447143554688,575.2782154083251,0.6395905017852783,0.400488793849945,0.639119029045105,0.3994987607002258,2.8540802001953125,2.714385986328125,Fixation,1632.16435313907,571.0868767469312,192.0,19.0,True,32,image,,9.0
4148.0,1634.1796875,581.3620233535767,0.6330109238624573,0.4115926623344421,0.6383514404296875,0.4037236273288727,2.868881225585937,2.7424774169921875,Fixation,1632.16435313907,571.0868767469312,192.0,19.0,True,32,image,,9.0
4152.0,1623.7422180175781,581.9053745269775,0.6323066353797913,0.3937637209892273,0.6342743039131165,0.4041009545326233,2.819793701171875,2.7311248779296875,Fixation,1632.16435313907,571.0868767469312,192.0,19.0,True,32,image,,9.0
4156.0,1636.3597106933594,576.1169099807738,0.6374083161354065,0.4092806875705719,0.6392030119895935,0.4000811874866485,2.865875244140625,2.7091522216796875,Fixation,1632.16435313907,571.0868767469312,192.0,19.0,True,32,image,,9.0
4160.0,1636.2525939941406,559.8903608322142,0.6277254223823547,0.4131103157997131,0.6391611695289612,0.3888127505779266,2.886749267578125,2.6999969482421875,Fixation,1632.16435313907,571.0868767469312,192.0,19.0,True,32,image,,9.0
4164.0,1631.0768127441406,574.5612287521362,0.6305142045021057,0.3986483514308929,0.6371393799781799,0.3990008533000946,2.8561553955078125,2.7257843017578125,Fixation,1632.16435313907,571.0868767469312,192.0,19.0,True,32,image,,9.0
4168.0,1640.3375244140625,584.4149351119994,0.6307119727134705,0.3974993526935577,0.6407568454742432,0.4058437049388885,2.874725341796875,2.7427215576171875,Fixation,1632.16435313907,571.0868767469312,192.0,19.0,True,32,image,,9.0
4172.0,1632.2038269042969,579.1351890563964,0.6390178799629211,0.4109328389167785,0.637579619884491,0.4021772146224975,2.8802947998046875,2.7292022705078125,Fixation,1632.16435313907,571.0868767469312,192.0,19.0,True,32,image,,9.0
4176.0,1644.3693542480469,560.2812767028807,0.6376431584358215,0.4011320173740387,0.6423317790031433,0.3890842199325561,2.84417724609375,2.69976806640625,Fixation,1632.16435313907,571.0868767469312,192.0,19.0,True,32,image,,9.0
4180.0,1637.3344421386719,585.5915880203247,0.6313611268997192,0.4156363010406494,0.6395837664604187,0.4066608250141144,2.878936767578125,2.736419677734375,Fixation,1632.16435313907,571.0868767469312,192.0,19.0,True,32,image,,9.0
4184.0,1617.2152709960938,570.4617404937744,0.6131986379623413,0.4010004997253418,0.6317247152328491,0.39615398645401,2.8704071044921875,2.706771850585937,Fixation,1632.16435313907,571.0868767469312,192.0,19.0,True,32,image,,9.0
4188.0,1563.5865783691406,573.2060909271239,0.5949990153312683,0.4020223319530487,0.6107760071754456,0.3980597853660583,2.86236572265625,2.700668334960937,Saccade,,,,0.0,False,33,,,
4192.0,1493.1422424316406,584.1440105438231,0.5646474361419678,0.4126397669315338,0.5832586884498596,0.405655562877655,2.8930206298828125,2.738265991210937,Saccade,,,,0.0,False,33,,,
4196.0,1450.9024047851562,550.3222990036011,0.5551056265830994,0.4465994834899902,0.5667587518692017,0.3821682631969452,2.947052001953125,2.674667358398437,Saccade,,,,0.0,False,33,,,
4200.0,1428.3450317382812,600.13916015625,0.5568150281906128,0.3964490294456482,0.5579472780227661,0.4167633056640625,2.827667236328125,2.735809326171875,Saccade,,,,0.0,False,33,,,
4204.0,1433.5877990722656,555.9615468978882,0.5589379072189331,0.4106467962265014,0.5599952340126038,0.3860844075679779,2.862335205078125,2.705322265625,Saccade,,,,0.0,False,33,,,
4208.0,1453.6212158203125,588.139214515686,0.5684812664985657,0.4187871217727661,0.5678207874298096,0.4084300100803375,2.87725830078125,2.7480926513671875,Saccade,,,,0.0,False,33,,,
4212.0,1472.8654479980469,583.5180473327637,0.5687393546104431,0.3823492228984833,0.5753380656242371,0.4052208662033081,2.8198394775390625,2.7723388671875,Saccade,,,,0.0,False,33,,,
4216.0,1466.1369323730469,642.806282043457,0.5692876577377319,0.378525048494339,0.5727097392082214,0.4463932514190674,2.817596435546875,2.79962158203125,Saccade,,,,0.0,False,33,,,
4220.0,1458.135986328125,567.7376890182494,0.5652240514755249,0.4035209417343139,0.5695843696594238,0.394262284040451,2.864166259765625,2.7098846435546875,Saccade,,,,0.0,False,33,,,
4224.0,1451.7353820800781,538.0076551437377,0.5642472505569458,0.4006724953651428,0.5670841336250305,0.3736164271831512,2.84039306640625,2.69525146484375,Saccade,,,,0.0,False,33,,,
4228.0,1447.2720336914062,589.2477607727051,0.5638460516929626,0.396945983171463,0.5653406381607056,0.4091998338699341,2.8543243408203125,2.753326416015625,Saccade,,,,0.0,False,33,,,
4232.0,1460.8760070800781,558.9810705184935,0.5663881301879883,0.3844501972198486,0.5706546902656555,0.3881812989711761,2.822265625,2.720687866210937,Saccade,,,,0.0,False,33,,,
4236.0,1446.1309814453125,555.6740570068358,0.5643491744995117,0.3757888078689575,0.5648949146270752,0.3858847618103027,2.8064727783203125,2.7165069580078125,Saccade,,,,0.0,False,33,,,
4240.0,1445.872802734375,560.1503849029541,0.5662381649017334,0.3535398244857788,0.5647940635681152,0.3889933228492737,2.7914276123046875,2.7063140869140625,Fixation,1455.4889702074456,562.3071787574074,128.0,20.0,True,34,image,,9.0
4244.0,1457.1763610839844,567.0660209655761,0.5669885277748108,0.3865777254104614,0.5692095160484314,0.3937958478927612,2.82843017578125,2.696273803710937,Fixation,1455.4889702074456,562.3071787574074,128.0,20.0,True,34,image,,9.0
4248.0,1451.7575073242188,518.5487651824951,0.565198540687561,0.3681884109973907,0.567092776298523,0.3601033091545105,2.803085327148437,2.658538818359375,Fixation,1455.4889702074456,562.3071787574074,128.0,20.0,True,34,image,,9.0
4252.0,1458.1939697265625,552.7386903762816,0.5618156790733337,0.3875297307968139,0.5696070194244385,0.3838463127613067,2.8162841796875,2.71478271484375,Fixation,1455.4889702074456,562.3071787574074,128.0,20.0,True,34,image,,9.0
4256.0,1454.0858459472656,589.5180416107178,0.5654703974723816,0.347938597202301,0.5680022835731506,0.4093875288963318,2.767242431640625,2.7451324462890625,Fixation,1455.4889702074456,562.3071787574074,128.0,20.0,True,34,image,,9.0
4260.0,1462.6617431640625,579.3754291534424,0.5631718039512634,0.3808594048023224,0.5713522434234619,0.4023440480232239,2.836822509765625,2.7447052001953125,Fixation,1455.4889702074456,562.3071787574074,128.0,20.0,True,34,image,,9.0
4264.0,1461.8284606933594,569.9313068389893,0.5635040402412415,0.3884322047233581,0.5710267424583435,0.3957856297492981,2.834320068359375,2.71661376953125,Fixation,1455.4889702074456,562.3071787574074,128.0,20.0,True,34,image,,9.0
4268.0,1460.6600952148438,576.1029624938964,0.564736008644104,0.3797155320644378,0.5705703496932983,0.4000715017318725,2.8351287841796875,2.7288818359375,Fixation,1455.4889702074456,562.3071787574074,128.0,20.0,True,34,image,,9.0
4272.0,1465.430908203125,554.0941715240479,0.5596096515655518,0.4035037159919739,0.5724339485168457,0.3847876191139221,2.852996826171875,2.7039947509765625,Fixation,1455.4889702074456,562.3071787574074,128.0,20.0,True,34,image,,9.0
4276.0,1456.4805603027344,592.0488452911376,0.5629368424415588,0.399735152721405,0.5689377188682556,0.4111450314521789,2.8513641357421875,2.7573699951171875,Fixation,1455.4889702074456,562.3071787574074,128.0,20.0,True,34,image,,9.0
4280.0,1462.5743103027344,541.8675899505615,0.5618574023246765,0.4070115983486175,0.5713180899620056,0.3762969374656677,2.89019775390625,2.689788818359375,Fixation,1455.4889702074456,562.3071787574074,128.0,20.0,True,34,image,,9.0
4284.0,1453.1507873535156,573.7436485290527,0.5612926483154297,0.4063375294208526,0.567637026309967,0.3984330892562866,2.878265380859375,2.735687255859375,Fixation,1455.4889702074456,562.3071787574074,128.0,20.0,True,34,image,,9.0
4288.0,1446.88232421875,561.9590950012207,0.5659062266349792,0.4019510746002197,0.5651884078979492,0.3902493715286255,2.8708953857421875,2.716049194335937,Fixation,1455.4889702074456,562.3071787574074,128.0,20.0,True,34,image,,9.0
4292.0,1458.8505554199219,551.2244224548339,0.5582990050315857,0.3938480913639068,0.569863498210907,0.3827947378158569,2.831527709960937,2.70770263671875,Fixation,1455.4889702074456,562.3071787574074,128.0,20.0,True,34,image,,9.0
4296.0,1451.0807800292969,571.161003112793,0.564369797706604,0.3904358148574829,0.5668284296989441,0.3966395854949951,2.8538970947265625,2.72027587890625,Fixation,1455.4889702074456,562.3071787574074,128.0,20.0,True,34,image,,9.0
4300.0,1458.3000183105469,566.3325119018554,0.5658002495765686,0.3878221213817596,0.5696484446525574,0.3932864665985107,2.84747314453125,2.7212677001953125,Fixation,1455.4889702074456,562.3071787574074,128.0,20.0,True,34,image,,9.0
4304.0,1454.3606567382812,543.1848335266112,0.5645521879196167,0.4042660295963287,0.5681096315383911,0.3772116899490356,2.858261108398437,2.7019500732421875,Fixation,1455.4889702074456,562.3071787574074,128.0,20.0,True,34,image,,9.0
4308.0,1451.0356140136719,575.871262550354,0.5608890056610107,0.3860966563224792,0.5668107867240906,0.3999105989933014,2.796142578125,2.7513427734375,Fixation,1455.4889702074456,562.3071787574074,128.0,20.0,True,34,image,,9.0
4312.0,1452.9411315917969,566.3983440399169,0.5625743865966797,0.3742881715297699,0.5675551295280457,0.3933321833610534,2.807586669921875,2.731781005859375,Fixation,1455.4889702074456,562.3071787574074,128.0,20.0,True,34,image,,9.0
4316.0,1444.2872619628906,561.8766117095946,0.5641506314277649,0.374298095703125,0.5641747117042542,0.3901920914649963,2.7959136962890625,2.7035675048828125,Fixation,1455.4889702074456,562.3071787574074,128.0,20.0,True,34,image,,9.0
4320.0,1459.3572998046875,546.4448118209838,0.5646071434020996,0.365375816822052,0.570061445236206,0.3794755637645721,2.806488037109375,2.7071533203125,Fixation,1455.4889702074456,562.3071787574074,128.0,20.0,True,34,image,,9.0
4324.0,1452.8399658203125,535.4962062835693,0.5637759566307068,0.3878158032894134,0.5675156116485596,0.3718723654747009,2.8488922119140625,2.6669464111328125,Fixation,1455.4889702074456,562.3071787574074,128.0,20.0,True,34,image,,9.0
4328.0,1457.6376342773438,588.8403224945068,0.5668879747390747,0.3528654873371124,0.5693897008895874,0.4089168906211853,2.761444091796875,2.7449188232421875,Fixation,1455.4889702074456,562.3071787574074,128.0,20.0,True,34,image,,9.0
4332.0,1455.7037353515625,576.019320487976,0.5649728178977966,0.3677414953708648,0.5686342716217041,0.4000134170055389,2.787353515625,2.717529296875,Fixation,1455.4889702074456,562.3071787574074,128.0,20.0,True,34,image,,9.0
4336.0,1460.0148010253906,509.4958591461181,0.5649115443229675,0.3576624393463135,0.5703182816505432,0.3538165688514709,2.7898712158203125,2.657196044921875,Fixation,1455.4889702074456,562.3071787574074,128.0,20.0,True,34,image,,9.0
4340.0,1460.118408203125,587.255630493164,0.5597584843635559,0.4069379270076751,0.5703587532043457,0.4078164100646972,2.862411499023437,2.7578887939453125,Fixation,1455.4889702074456,562.3071787574074,128.0,20.0,True,34,image,,9.0
4344.0,1457.039794921875,556.5690135955809,0.5615103840827942,0.3405050635337829,0.5691561698913574,0.3865062594413757,2.75433349609375,2.718475341796875,Fixation,1455.4889702074456,562.3071787574074,128.0,20.0,True,34,image,,9.0
4348.0,1454.8222351074219,581.7135858535767,0.5646906495094299,0.3494098782539367,0.5682899355888367,0.4039677679538727,2.7608184814453125,2.7579498291015625,Fixation,1455.4889702074456,562.3071787574074,128.0,20.0,True,34,image,,9.0
4352.0,1466.0185241699219,518.9982604980469,0.563076376914978,0.3837706744670868,0.5726634860038757,0.3604154586791992,2.81292724609375,2.6854248046875,Fixation,1455.4889702074456,562.3071787574074,128.0,20.0,True,34,image,,9.0
4356.0,1450.9672546386719,568.0953025817871,0.5645912885665894,0.3913370966911316,0.5667840838432312,0.3945106267929077,2.8282012939453125,2.738372802734375,Fixation,1455.4889702074456,562.3071787574074,128.0,20.0,True,34,image,,9.0
4360.0,1447.0269775390625,602.6983737945557,0.5636448264122009,0.3896336257457733,0.5652449131011963,0.4185405373573303,2.8285369873046875,2.775787353515625,Fixation,1455.4889702074456,562.3071787574074,128.0,20.0,True,34,image,,9.0
4364.0,1456.7803955078125,563.9745712280273,0.5651782155036926,0.3422834873199463,0.5690548419952393,0.3916490077972412,2.7514190673828125,2.729095458984375,Fixation,1455.4889702074456,562.3071787574074,128.0,20.0,True,34,image,,9.0
4368.0,1445.1972961425781,547.3416996002197,0.5595593452453613,0.3799305856227875,0.5645301938056946,0.3800984025001526,2.811874389648437,2.699249267578125,Fixation,1455.4889702074456,562.3071787574074,128.0,20.0,True,34,image,,9.0
4372.0,1429.0779113769531,556.4419841766356,0.5501278638839722,0.3986586928367615,0.5582335591316223,0.3864180445671081,2.866119384765625,2.7138824462890625,Saccade,,,,0.0,False,35,,,
4376.0,1383.7205505371094,566.4446496963501,0.5257617831230164,0.2864647805690765,0.5405158400535583,0.3933643400669098,2.6961822509765625,2.7545928955078125,Saccade,,,,0.0,False,35,,,
4380.0,1326.1814880371094,564.727349281311,0.5120330452919006,0.401125431060791,0.5180396437644958,0.3921717703342438,2.893905639648437,2.7396240234375,Saccade,,,,0.0,False,35,,,
4384.0,1300.5451965332031,595.650987625122,0.5024755001068115,0.4065358340740204,0.5080254673957825,0.4136465191841125,2.8841552734375,2.817245483398437,Fixation,1285.0540081659954,578.0791425704956,188.0,21.0,True,36,image,,9.0
4388.0,1285.3587341308594,568.3510780334473,0.5007920265197754,0.3995764255523681,0.5020932555198669,0.3946882486343384,2.904266357421875,2.7794189453125,Fixation,1285.0540081659954,578.0791425704956,188.0,21.0,True,36,image,,9.0
4392.0,1273.51318359375,590.1092004776001,0.4991161227226257,0.2972782254219055,0.4974660873413086,0.4097980558872223,2.7027587890625,2.785614013671875,Fixation,1285.0540081659954,578.0791425704956,188.0,21.0,True,36,image,,9.0
4396.0,1286.3204956054688,548.2211208343505,0.4931334555149078,0.2716193199157715,0.5024689435958862,0.3807091116905212,2.6641082763671875,2.7478179931640625,Fixation,1285.0540081659954,578.0791425704956,188.0,21.0,True,36,image,,9.0
4400.0,1284.4854736328125,582.8044939041138,0.4982272088527679,0.2700101733207702,0.5017521381378174,0.4047253429889679,2.653717041015625,2.796005249023437,Fixation,1285.0540081659954,578.0791425704956,188.0,21.0,True,36,image,,9.0
4404.0,1292.0005798339844,585.5105209350586,0.4982784986495971,0.2723150551319122,0.5046877264976501,0.406604528427124,2.65643310546875,2.7937774658203125,Fixation,1285.0540081659954,578.0791425704956,188.0,21.0,True,36,image,,9.0
4408.0,1291.103515625,574.578137397766,0.4996766448020935,0.2796501517295837,0.5043373107910156,0.3990125954151153,2.66064453125,2.7831268310546875,Fixation,1285.0540081659954,578.0791425704956,188.0,21.0,True,36,image,,9.0
4412.0,1292.4739074707031,586.4272785186766,0.4976420104503631,0.2975246608257293,0.5048726201057434,0.4072411656379699,2.7148895263671875,2.79559326171875,Fixation,1285.0540081659954,578.0791425704956,188.0,21.0,True,36,image,,9.0
4416.0,1285.7229614257812,589.2442846298218,0.4977794885635376,0.3096272051334381,0.5022355318069458,0.4091974198818207,2.734527587890625,2.797454833984375,Fixation,1285.0540081659954,578.0791425704956,188.0,21.0,True,36,image,,9.0
4420.0,1285.318603515625,588.0175495147705,0.502221941947937,0.2778913676738739,0.502077579498291,0.4083455204963684,2.6766510009765625,2.796737670898437,Fixation,1285.0540081659954,578.0791425704956,188.0,21.0,True,36,image,,9.0
4424.0,1291.55517578125,571.5407180786132,0.4992783367633819,0.2695257067680359,0.5045137405395508,0.3969032764434814,2.65203857421875,2.777252197265625,Fixation,1285.0540081659954,578.0791425704956,188.0,21.0,True,36,image,,9.0
4428.0,1288.1999206542969,588.7286138534545,0.4975813031196594,0.3182810842990875,0.5032030940055847,0.4088393151760101,2.725738525390625,2.784042358398437,Fixation,1285.0540081659954,578.0791425704956,188.0,21.0,True,36,image,,9.0
4432.0,1277.332305908203,581.0131216049194,0.4970792233943939,0.3485184609889984,0.4989579319953918,0.4034813344478607,2.786956787109375,2.790374755859375,Fixation,1285.0540081659954,578.0791425704956,188.0,21.0,True,36,image,,9.0
4436.0,1278.2170104980466,574.7266244888306,0.4977492094039917,0.3841606080532074,0.4993035197257995,0.3991157114505768,2.8441162109375,2.76641845703125,Fixation,1285.0540081659954,578.0791425704956,188.0,21.0,True,36,image,,9.0
4440.0,1277.1954345703125,581.0010623931885,0.4985736012458801,0.396176666021347,0.4989044666290283,0.4034729599952698,2.868072509765625,2.7830810546875,Fixation,1285.0540081659954,578.0791425704956,188.0,21.0,True,36,image,,9.0
4444.0,1282.1672058105469,565.2189874649048,0.4988208413124084,0.3723948895931244,0.5008465647697449,0.3925131857395172,2.828842163085937,2.7554931640625,Fixation,1285.0540081659954,578.0791425704956,188.0,21.0,True,36,image,,9.0
4448.0,1295.9939575195312,559.21311378479,0.4985876381397247,0.3899923861026764,0.5062476396560669,0.3883424401283264,2.8557281494140625,2.75628662109375,Fixation,1285.0540081659954,578.0791425704956,188.0,21.0,True,36,image,,9.0
4452.0,1281.2947082519531,592.7429151535033,0.4985294044017792,0.3958891928195953,0.5005057454109192,0.4116270244121551,2.8701324462890625,2.8004150390625,Fixation,1285.0540081659954,578.0791425704956,188.0,21.0,True,36,image,,9.0
4456.0,1276.0895538330078,564.1532707214355,0.5005971193313599,0.3835735321044922,0.4984724819660187,0.3917731046676636,2.837066650390625,2.7672576904296875,Fixation,1285.0540081659954,578.0791425704956,188.0,21.0,True,36,image,,9.0
4460.0,1290.3694152832031,579.1802930831909,0.497094452381134,0.3712132573127746,0.5040505528450012,0.402208536863327,2.83758544921875,2.7985382080078125,Fixation,1285.0540081659954,578.0791425704956,188.0,21.0,True,36,image,,9.0
4464.0,1282.4797058105469,635.2588891983031,0.4937740266323089,0.3954102993011474,0.5009686350822449,0.4411520063877105,2.87066650390625,2.8428955078125,Fixation,1285.0540081659954,578.0791425704956,188.0,21.0,True,36,image,,9.0
4468.0,1278.4149932861326,555.559344291687,0.4968891739845276,0.4013269543647766,0.4993808567523956,0.3858051002025604,2.87188720703125,2.767120361328125,Fixation,1285.0540081659954,578.0791425704956,188.0,21.0,True,36,image,,9.0
4472.0,1284.3283081054688,568.818039894104,0.4994286298751831,0.3972049653530121,0.5016907453536987,0.3950125277042389,2.8777008056640625,2.7675933837890625,Fixation,1285.0540081659954,578.0791425704956,188.0,21.0,True,36,image,,9.0
4476.0,1286.3967895507812,577.9505109786986,0.5000813603401184,0.3955195248126983,0.5024987459182739,0.4013545215129852,2.8692169189453125,2.783187866210937,Fixation,1285.0540081659954,578.0791425704956,188.0,21.0,True,36,image,,9.0
4480.0,1286.9708251953125,586.0615968704224,0.5012817978858948,0.3800097703933716,0.502722978591919,0.4069872200489044,2.8455810546875,2.7942352294921875,Fixation,1285.0540081659954,578.0791425704956,188.0,21.0,True,36,image,,9.0
4484.0,1290.2717590332031,562.6308059692383,0.4998240172863006,0.4015208482742309,0.504012405872345,0.3907158374786377,2.866241455078125,2.732040405273437,Fixation,1285.0540081659954,578.0791425704956,188.0,21.0,True,36,image,,9.0
4488.0,1290.9492492675781,567.5087785720825,0.5035301446914673,0.4096887409687042,0.5042770504951477,0.3941033184528351,2.8927764892578125,2.761337280273437,Fixation,1285.0540081659954,578.0791425704956,188.0,21.0,True,36,image,,9.0
4492.0,1283.82080078125,570.9819602966307,0.4984677731990814,0.3856607675552368,0.5014925003051758,0.3965152502059936,2.84796142578125,2.7890625,Fixation,1285.0540081659954,578.0791425704956,188.0,21.0,True,36,image,,9.0
4496.0,1288.9823913574219,606.4956951141356,0.4996016323566437,0.4164159297943115,0.5035087466239929,0.4211775660514831,2.88690185546875,2.810165405273437,Fixation,1285.0540081659954,578.0791425704956,188.0,21.0,True,36,image,,9.0
4500.0,1283.5586547851562,580.3157043457031,0.5006216168403625,0.3965894877910614,0.5013900995254517,0.4029970169067383,2.8679656982421875,2.783935546875,Fixation,1285.0540081659954,578.0791425704956,188.0,21.0,True,36,image,,9.0
4504.0,1292.6254272460938,576.9031620025635,0.5001985430717468,0.395127534866333,0.5049318075180054,0.4006271958351135,2.8721160888671875,2.777557373046875,Fixation,1285.0540081659954,578.0791425704956,188.0,21.0,True,36,image,,9.0
4508.0,1269.7036743164062,594.6903276443481,0.4993797838687897,0.4110719561576843,0.4959779977798462,0.412979394197464,2.8921661376953125,2.8027496337890625,Fixation,1285.0540081659954,578.0791425704956,188.0,21.0,True,36,image,,9.0
4512.0,1273.3238220214841,575.5836439132689,0.4978139996528625,0.3972397744655609,0.4973921179771423,0.399710863828659,2.8643951416015625,2.787704467773437,Fixation,1285.0540081659954,578.0791425704956,188.0,21.0,True,36,image,,9.0
4516.0,1295.0335693359375,563.7601232528687,0.4975145757198334,0.4178136587142944,0.5058724880218506,0.3915000855922699,2.90191650390625,2.762908935546875,Fixation,1285.0540081659954,578.0791425704956,188.0,21.0,True,36,image,,9.0
4520.0,1279.0177917480469,579.2273712158202,0.4961232244968414,0.400352269411087,0.4996163249015808,0.4022412300109863,2.843963623046875,2.789093017578125,Fixation,1285.0540081659954,578.0791425704956,188.0,21.0,True,36,image,,9.0
4524.0,1285.3228759765625,577.5583505630492,0.4950651228427887,0.3955656886100769,0.5020792484283447,0.4010821878910064,2.8612213134765625,2.7845916748046875,Fixation,1285.0540081659954,578.0791425704956,188.0,21.0,True,36,image,,9.0
4528.0,1281.2049865722656,597.033462524414,0.4979937076568603,0.4005213379859924,0.5004706978797913,0.4146065711975097,2.865692138671875,2.8009796142578125,Fixation,1285.0540081659954,578.0791425704956,188.0,21.0,True,36,image,,9.0
4532.0,1289.9528503417969,581.6170692443847,0.4995858371257782,0.3945505917072296,0.5038878321647644,0.4039007425308227,2.853988647460937,2.7951812744140625,Fixation,1285.0540081659954,578.0791425704956,188.0,21.0,True,36,image,,9.0
4536.0,1279.904861450195,567.933382987976,0.501211404800415,0.3941434621810913,0.4999628365039825,0.3943981826305389,2.8734283447265625,2.76800537109375,Fixation,1285.0540081659954,578.0791425704956,188.0,21.0,True,36,image,,9.0
4540.0,1290.843505859375,578.8668823242188,0.4984970688819885,0.3900431096553802,0.5042357444763184,0.4019908905029297,2.8603973388671875,2.787582397460937,Fixation,1285.0540081659954,578.0791425704956,188.0,21.0,True,36,image,,9.0
4544.0,1282.2976684570312,583.5211801528931,0.4978217184543609,0.4028573930263519,0.5008975267410278,0.4052230417728424,2.879608154296875,2.8019561767578125,Fixation,1285.0540081659954,578.0791425704956,188.0,21.0,True,36,image,,9.0
4548.0,1284.4107055664062,571.7777395248413,0.50069659948349,0.3922266960144043,0.5017229318618774,0.3970678746700287,2.858016967773437,2.7653045654296875,Fixation,1285.0540081659954,578.0791425704956,188.0,21.0,True,36,image,,9.0
4552.0,1287.4763488769531,576.5841293334961,0.4982270896434784,0.4100946485996246,0.5029204487800598,0.4004056453704834,2.8923492431640625,2.7813873291015625,Fixation,1285.0540081659954,578.0791425704956,188.0,21.0,True,36,image,,9.0
4556.0,1277.2148132324219,572.4486780166626,0.4977461695671081,0.3998072147369385,0.4989120364189148,0.3975338041782379,2.883636474609375,2.782867431640625,Fixation,1285.0540081659954,578.0791425704956,188.0,21.0,True,36,image,,9.0
4560.0,1285.3182983398438,566.8316173553466,0.4988180696964264,0.3944358825683594,0.5020774602890015,0.3936330676078796,2.84539794921875,2.787704467773437,Fixation,1285.0540081659954,578.0791425704956,188.0,21.0,True,36,image,,9.0
4564.0,1284.0225219726562,568.6661624908446,0.498071014881134,0.398808091878891,0.5015712976455688,0.3949070572853088,2.873153686523437,2.7811737060546875,Fixation,1285.0540081659954,578.0791425704956,188.0,21.0,True,36,image,,9.0
4568.0,1283.621826171875,570.5460262298583,0.502570629119873,0.3871811628341675,0.5014147758483887,0.3962125182151794,2.862213134765625,2.7730255126953125,Fixation,1285.0540081659954,578.0791425704956,188.0,21.0,True,36,image,,9.0
4572.0,1289.8660278320312,566.234836578369,0.5029532313346863,0.4078608155250549,0.5038539171218872,0.3932186365127563,2.89312744140625,2.77520751953125,Fixation,1285.0540081659954,578.0791425704956,188.0,21.0,True,36,image,,9.0
4576.0,1286.3221740722656,524.3334102630615,0.4975212812423706,0.3628243803977966,0.5024695992469788,0.3641204237937927,2.8166046142578125,2.7168426513671875,Saccade,,,,0.0,False,37,,,
4580.0,1264.6984863281248,532.2540378570557,0.4849374890327453,0.3631848990917206,0.4940228462219238,0.3696208596229553,2.804229736328125,2.7280426025390625,Saccade,,,,0.0,False,37,,,
4584.0,1219.6263885498045,611.9886875152588,0.4665907621383667,0.4251232147216797,0.4764165580272674,0.4249921441078186,2.891586303710937,2.8089141845703125,Saccade,,,,0.0,False,37,,,
4588.0,1180.823974609375,638.6504459381102,0.4453373849391937,0.4160758554935455,0.4612593650817871,0.4435072541236877,2.84765625,2.8113555908203125,Saccade,,,,0.0,False,37,,,
4592.0,1094.6035003662107,615.4322576522826,0.4238572418689728,0.4033662676811218,0.4275794923305511,0.4273835122585296,2.7707672119140625,2.731170654296875,Saccade,,,,0.0,False,37,,,
4596.0,1036.4068603515625,570.9091758728027,0.4080343544483185,0.4288046658039093,0.4048464298248291,0.3964647054672241,2.825424194335937,2.7074737548828125,Saccade,,,,0.0,False,37,,,
4600.0,1008.080596923828,632.5437211990355,0.3923002183437347,0.4116303324699402,0.3937814831733703,0.4392664730548858,2.7931365966796875,2.751327514648437,Fixation,970.2711958043716,633.046805157381,132.0,22.0,True,38,image,,9.0
4604.0,969.5369720458984,611.009874343872,0.3840290307998657,0.4127959012985229,0.3787253797054291,0.4243124127388,2.7755584716796875,2.7108154296875,Fixation,970.2711958043716,633.046805157381,132.0,22.0,True,38,image,,9.0
4608.0,963.4187316894531,632.3338651657103,0.381083071231842,0.4377240836620331,0.3763354420661926,0.43912073969841,2.7800445556640625,2.72930908203125,Fixation,970.2711958043716,633.046805157381,132.0,22.0,True,38,image,,9.0
4612.0,952.8401947021483,633.7065982818602,0.3777223527431488,0.4355516731739044,0.3722032010555267,0.4400740265846252,2.747802734375,2.7248687744140625,Fixation,970.2711958043716,633.046805157381,132.0,22.0,True,38,image,,9.0
4616.0,960.2755737304686,616.9391870498657,0.3819919526576996,0.4396422803401947,0.3751076459884643,0.4284299910068512,2.7784576416015625,2.7073974609375,Fixation,970.2711958043716,633.046805157381,132.0,22.0,True,38,image,,9.0
4620.0,972.1671295166016,638.1984615325927,0.3814747929573059,0.4304962754249573,0.3797527849674225,0.4431933760643005,2.736846923828125,2.7042694091796875,Fixation,970.2711958043716,633.046805157381,132.0,22.0,True,38,image,,9.0
4624.0,982.9628753662108,650.2397775650023,0.3818827867507934,0.4494086802005768,0.3839698731899261,0.4515554010868072,2.7782745361328125,2.734771728515625,Fixation,970.2711958043716,633.046805157381,132.0,22.0,True,38,image,,9.0
4628.0,981.7594909667968,626.7761135101317,0.3799544274806976,0.4346392750740051,0.383499801158905,0.4352611899375915,2.7718048095703125,2.691314697265625,Fixation,970.2711958043716,633.046805157381,132.0,22.0,True,38,image,,9.0
4632.0,981.1494445800781,632.7024650573729,0.3787382245063782,0.4305682480335235,0.383261501789093,0.4393767118453979,2.761688232421875,2.697296142578125,Fixation,970.2711958043716,633.046805157381,132.0,22.0,True,38,image,,9.0
4636.0,976.4013671875,639.2839193344116,0.3772212564945221,0.435276597738266,0.3814067840576172,0.4439471662044525,2.756256103515625,2.709625244140625,Fixation,970.2711958043716,633.046805157381,132.0,22.0,True,38,image,,9.0
4640.0,959.3271636962891,635.5458641052246,0.3802977502346039,0.4256813824176788,0.3747371733188629,0.4413512945175171,2.762451171875,2.708343505859375,Fixation,970.2711958043716,633.046805157381,132.0,22.0,True,38,image,,9.0
4644.0,970.1037597656249,616.3158845901489,0.37982839345932,0.4402458667755127,0.3789467811584472,0.4279971420764923,2.7762603759765625,2.682708740234375,Fixation,970.2711958043716,633.046805157381,132.0,22.0,True,38,image,,9.0
4648.0,972.6939392089844,634.4744396209717,0.3833254873752594,0.4402869641780853,0.3799585700035095,0.4406072497367859,2.7640533447265625,2.710113525390625,Fixation,970.2711958043716,633.046805157381,132.0,22.0,True,38,image,,9.0
4652.0,966.8114471435546,634.5468378067015,0.3793507814407348,0.4328175485134125,0.377660721540451,0.4406575262546539,2.74456787109375,2.702606201171875,Fixation,970.2711958043716,633.046805157381,132.0,22.0,True,38,image,,9.0
4656.0,978.5041046142577,642.8966188430786,0.3819926679134369,0.4418874382972717,0.3822281658649444,0.4464559853076935,2.7744293212890625,2.711639404296875,Fixation,970.2711958043716,633.046805157381,132.0,22.0,True,38,image,,9.0
4660.0,968.719253540039,635.7250356674194,0.3846983313560486,0.4317578673362732,0.3784059584140777,0.4414757192134857,2.73846435546875,2.711944580078125,Fixation,970.2711958043716,633.046805157381,132.0,22.0,True,38,image,,9.0
4664.0,965.9410858154297,617.7326488494873,0.3811277747154236,0.4401074051856994,0.3773207366466522,0.4289810061454773,2.766845703125,2.697509765625,Fixation,970.2711958043716,633.046805157381,132.0,22.0,True,38,image,,9.0
4668.0,975.6797790527343,647.6686763763427,0.3837981224060058,0.4492730796337127,0.3811249136924743,0.449769914150238,2.765106201171875,2.732330322265625,Fixation,970.2711958043716,633.046805157381,132.0,22.0,True,38,image,,9.0
4672.0,964.2235565185547,632.5820016860962,0.380051851272583,0.4384347200393677,0.3766498267650604,0.4392930567264557,2.7476348876953125,2.7084197998046875,Fixation,970.2711958043716,633.046805157381,132.0,22.0,True,38,image,,9.0
4676.0,959.0316772460936,592.9383087158202,0.3809998333454132,0.4420911073684692,0.3746217489242553,0.4117627143859863,2.774688720703125,2.659652709960937,Fixation,970.2711958043716,633.046805157381,132.0,22.0,True,38,image,,9.0
4680.0,974.7718811035156,635.4243278503417,0.3797899782657623,0.4430693089962005,0.3807702660560608,0.4412668943405151,2.7551727294921875,2.6949462890625,Fixation,970.2711958043716,633.046805157381,132.0,22.0,True,38,image,,9.0
4684.0,970.0736999511719,628.2178115844727,0.380070686340332,0.4509719312191009,0.3789350390434265,0.4362623691558838,2.774520874023437,2.6952056884765625,Fixation,970.2711958043716,633.046805157381,132.0,22.0,True,38,image,,9.0
4688.0,971.8807983398436,641.7908191680907,0.3808751404285431,0.4334052205085754,0.3796409368515014,0.4456880688667297,2.727203369140625,2.7147979736328125,Fixation,970.2711958043716,633.046805157381,132.0,22.0,True,38,image,,9.0
4692.0,980.459747314453,659.125657081604,0.3798644542694092,0.4315732717514038,0.3829920887947082,0.4577261507511139,2.752182006835937,2.722640991210937,Fixation,970.2711958043716,633.046805157381,132.0,22.0,True,38,image,,9.0
4696.0,969.8579406738281,641.2229633331298,0.3810102343559265,0.4224754869937897,0.3788507580757141,0.4452937245368957,2.718612670898437,2.71319580078125,Fixation,970.2711958043716,633.046805157381,132.0,22.0,True,38,image,,9.0
4700.0,974.7303009033203,651.3181972503661,0.3829767405986786,0.4399420320987701,0.3807540237903595,0.4523043036460876,2.7574615478515625,2.724853515625,Fixation,970.2711958043716,633.046805157381,132.0,22.0,True,38,image,,9.0
4704.0,957.295684814453,617.0401668548583,0.3854036331176758,0.4436602294445038,0.3739436268806457,0.4285001158714294,2.7530517578125,2.67041015625,Fixation,970.2711958043716,633.046805157381,132.0,22.0,True,38,image,,9.0
4708.0,967.9907226562499,621.6074323654175,0.3771143853664398,0.4521061480045318,0.3781213760375976,0.4316718280315399,2.7787628173828125,2.68658447265625,Fixation,970.2711958043716,633.046805157381,132.0,22.0,True,38,image,,9.0
4712.0,961.7634582519531,632.8554582595825,0.3796536028385162,0.4466800093650818,0.3756888508796692,0.4394829571247101,2.7677154541015625,2.69287109375,Fixation,970.2711958043716,633.046805157381,132.0,22.0,True,38,image,,9.0
4716.0,967.1260833740234,638.4187030792236,0.3782005906105041,0.4423033893108368,0.3777836263179779,0.4433463215827942,2.7666168212890625,2.7029266357421875,Fixation,970.2711958043716,633.046805157381,132.0,22.0,True,38,image,,9.0
4720.0,966.8449401855468,632.055344581604,0.378694623708725,0.4371222257614136,0.3776738047599792,0.4389273226261139,2.748641967773437,2.6830596923828125,Fixation,970.2711958043716,633.046805157381,132.0,22.0,True,38,image,,9.0
4724.0,971.2532043457031,642.0308017730712,0.3795011937618255,0.4470110535621643,0.3793957829475403,0.4458547234535217,2.767120361328125,2.687744140625,Fixation,970.2711958043716,633.046805157381,132.0,22.0,True,38,image,,9.0
4728.0,960.7948303222656,640.6375551223755,0.3826997578144073,0.4366541504859924,0.375310480594635,0.4448871910572052,2.739608764648437,2.697174072265625,Fixation,970.2711958043716,633.046805157381,132.0,22.0,True,38,image,,9.0
4732.0,964.7492218017577,637.6858377456665,0.3797559142112732,0.4362774193286896,0.3768551647663116,0.4428373873233795,2.751434326171875,2.6832275390625,Fixation,970.2711958043716,633.046805157381,132.0,22.0,True,38,image,,9.0
